[create antonym dict] finished in 4775 ms
[create antonym dict] finished in 626 ms
[antonym_pos] finished in 34 ms
[inverting] finished in 0 ms
[put token part 1] finished in 0 ms
[put token part 2] finished in 0 ms
[compute embeddings for all samples...] finished in 35 ms
[antonym_pos] finished in 105 ms
[inverting] finished in 0 ms
[put token part 1] finished in 0 ms
[put token part 2] finished in 0 ms
[compute embeddings for all samples...] finished in 105 ms
input 0:  {"sentence": "Oxidation refers to oxidizing of a compound in the presence of enzymes and molecular oxygen while fermentation refers to the transformation of sugars to acids and alcohols in the presence of enzymes and absence of molecular oxygen."}
prediction:  {"logits": [[-3.270291328430176, 2.5249276161193848, -2.4433252811431885, -5.413369178771973, 7.755829811096191, 2.237018346786499, 0.5975296497344971, -4.067692279815674, -3.2905759811401367, -3.119478940963745, -4.713033676147461, -4.294390678405762, -6.191823959350586], [-1.3029532432556152, 2.307634115219116, 4.697709083557129, -8.007007598876953, -2.519158124923706, -5.465576171875, 1.6110783815383911, -0.4483919143676758, 1.1340473890304565, -5.78399658203125, -4.314196586608887, -0.7359776496887207, -1.8691859245300293], [4.968033790588379, 1.9784547090530396, 1.124402642250061, -4.029333591461182, -7.06907844543457, -5.273172378540039, -4.814375877380371, -5.58650016784668, -2.6870622634887695, -2.477461099624634, 2.5623791217803955, -4.651885509490967, -7.491457939147949], [5.12247896194458, 1.0165296792984009, -0.8115897178649902, -1.1941330432891846, -5.2726731300354, -6.982193946838379, -3.9062113761901855, -2.841403007507324, -1.475250482559204, -0.35301661491394043, 0.1628822684288025, -6.4379448890686035, -6.5456414222717285], [6.086424827575684, 1.9243006706237793, -0.7081868648529053, -1.9179884195327759, -8.686600685119629, -6.370601177215576, -5.919976234436035, -5.453571319580078, -2.432358503341675, -2.017655849456787, 2.260505199432373, -6.6645660400390625, -8.193693161010742], [6.184597492218018, 1.9372265338897705, -0.7838752269744873, -1.885383129119873, -8.628556251525879, -5.449131965637207, -5.996415138244629, -6.104457855224609, -2.97843599319458, -2.478458881378174, 1.7608497142791748, -5.952199935913086, -8.525650024414062], [5.670505523681641, 1.4239832162857056, -1.6553354263305664, 0.20963680744171143, -7.181769847869873, -8.109052658081055, -5.432061195373535, -2.598876476287842, -0.8496780395507812, -1.1343250274658203, 0.32232552766799927, -7.252701759338379, -7.439567565917969], [6.709221839904785, 2.2913765907287598, -0.5512768030166626, -2.2539689540863037, -8.735713005065918, -7.140945911407471, -7.2517008781433105, -5.789154052734375, -1.6798042058944702, -3.3643391132354736, 1.7383100986480713, -7.846697807312012, -9.63817024230957], [6.377473831176758, 2.0423290729522705, -0.5537937879562378, -1.7922760248184204, -8.470069885253906, -6.839561462402344, -6.855483055114746, -5.864838123321533, -2.151913642883301, -3.2482776641845703, 1.577433466911316, -6.876509666442871, -9.26980209350586], [6.083555221557617, 1.0119420289993286, -1.2898222208023071, 0.5145341157913208, -7.251141548156738, -8.41493034362793, -6.083281517028809, -2.315776824951172, 0.6301912069320679, -1.5921902656555176, 0.45030856132507324, -7.6700639724731445, -7.2835588455200195], [6.197999954223633, 2.201923370361328, -1.9811604022979736, -1.3261853456497192, -8.624441146850586, -7.35564661026001, -7.026993274688721, -5.748485088348389, -1.2638213634490967, -3.1698532104492188, 3.2721409797668457, -8.062032699584961, -10.040094375610352], [5.695127487182617, 1.1159242391586304, -2.557957172393799, 0.7822638750076294, -7.495242118835449, -8.2940673828125, -5.983367443084717, -2.011787176132202, 0.9646735787391663, -0.9312909245491028, 1.943228006362915, -7.6169843673706055, -8.091324806213379], [5.311609268188477, 1.7247488498687744, -3.1155800819396973, 0.14319586753845215, -8.17914867401123, -5.304494857788086, -7.568197250366211, -4.384697914123535, -0.12844324111938477, -2.956244707107544, 2.9231719970703125, -7.309799671173096, -9.319832801818848], [4.062099456787109, 0.6041727662086487, -3.431218385696411, 2.353290557861328, -5.751357555389404, -6.189937114715576, -4.875298976898193, -0.19039477407932281, 1.8463531732559204, -0.13346654176712036, 1.5487216711044312, -5.720367908477783, -6.084596633911133], [1.4170016050338745, 0.4260779619216919, -4.3537163734436035, 3.5913660526275635, -2.8923888206481934, -6.10811710357666, -2.7551088333129883, 3.889315366744995, 0.17262089252471924, 2.7442920207977295, -1.0252459049224854, -6.560005187988281, -2.4712119102478027], [3.3087730407714844, 4.5237202644348145, -3.459852695465088, -4.8359575271606445, -5.7353434562683105, -4.753878116607666, -8.193906784057617, -5.7891526222229, -3.021982431411743, -2.7494122982025146, 0.9103827476501465, -7.774393558502197, -12.374860763549805], [1.471406102180481, 0.6862869262695312, 2.8001279830932617, -3.21395206451416, -2.843514919281006, -3.233466625213623, -2.76139235496521, -0.06919831037521362, -0.12051212787628174, -1.0273892879486084, -1.5034751892089844, -3.688950777053833, -3.219179153442383], [4.8120598793029785, 1.537474274635315, -0.1171867847442627, -2.197964668273926, -6.5560126304626465, -6.127019882202148, -4.942457675933838, -3.0425162315368652, -1.544701337814331, 0.03896975517272949, 0.8685168623924255, -6.297302722930908, -8.097799301147461], [6.043961524963379, 2.3554019927978516, -0.46093714237213135, -3.160085916519165, -8.507944107055664, -5.475305557250977, -7.340982437133789, -6.128537178039551, -3.1292648315429688, -2.206850290298462, 2.3228604793548584, -7.116609573364258, -9.92136001586914], [5.718469619750977, 2.11993408203125, -0.3507676124572754, -3.0038509368896484, -7.650723457336426, -4.526285171508789, -6.836503505706787, -5.925251007080078, -3.0570406913757324, -2.577608346939087, 1.9955341815948486, -5.666412353515625, -9.795839309692383], [5.210832595825195, 1.173264503479004, -1.0318094491958618, -1.2462587356567383, -5.510770320892334, -6.299455642700195, -5.356470584869385, -2.266073226928711, -0.8073567152023315, -1.2245315313339233, 0.17838257551193237, -6.622428894042969, -7.898553848266602], [6.399789333343506, 2.1117334365844727, -1.087235927581787, -2.7530388832092285, -8.033944129943848, -5.630370140075684, -7.8003668785095215, -6.186786651611328, -2.864377498626709, -2.7370963096618652, 2.872561454772949, -7.48992395401001, -10.488065719604492], [5.804156303405762, 0.7304545044898987, -1.5648345947265625, -0.657191276550293, -4.67092227935791, -6.164641857147217, -4.986884117126465, -2.569119691848755, -1.0836656093597412, -0.9656592607498169, 0.3671286702156067, -7.369635581970215, -8.26823616027832], [6.551693916320801, 1.9875400066375732, -1.8696519136428833, -1.5344562530517578, -8.202582359313965, -5.512959003448486, -7.5969719886779785, -6.003713607788086, -2.81001615524292, -2.871169090270996, 2.5054025650024414, -6.624445915222168, -10.302057266235352], [5.305941581726074, 0.7307571172714233, -2.071381092071533, 0.3397502899169922, -4.670402526855469, -4.785008907318115, -4.524374485015869, -2.693650245666504, -1.58237624168396, -1.1790895462036133, 0.14106178283691406, -6.126727104187012, -7.865201473236084], [5.696313858032227, 1.4812449216842651, -2.0603485107421875, -0.6346561908721924, -6.506464004516602, -4.656449317932129, -5.953958511352539, -4.634893417358398, -1.9305431842803955, -2.5424280166625977, 1.4706577062606812, -6.876538276672363, -9.521759986877441], [5.29417085647583, 1.0075864791870117, -2.8619203567504883, 0.5727369785308838, -5.345361709594727, -6.299861431121826, -5.2471513748168945, -1.7416423559188843, -0.7965086698532104, -0.6345139145851135, 0.4664093255996704, -7.173703193664551, -8.654926300048828], [6.206404685974121, 2.1059415340423584, -1.9749277830123901, -1.5912847518920898, -7.027737617492676, -5.143740177154541, -6.942452907562256, -5.905904293060303, -2.5000977516174316, -3.065673828125, 2.033209800720215, -7.5833821296691895, -10.78982162475586], [5.77789306640625, 2.077235221862793, -1.4586310386657715, -2.066171646118164, -6.998741149902344, -4.994157791137695, -6.208612442016602, -6.122308731079102, -2.5094521045684814, -3.209545612335205, 1.9914499521255493, -6.0584917068481445, -10.490718841552734], [5.215219974517822, 1.1951792240142822, -2.0143589973449707, -0.10890722274780273, -5.625790119171143, -6.318002700805664, -5.761836051940918, -2.714611291885376, -0.1993579864501953, -1.7548902034759521, 0.7506772875785828, -6.868238925933838, -8.55788516998291], [5.705455780029297, 2.260007858276367, -2.324713945388794, -1.4204212427139282, -7.409557342529297, -5.230722427368164, -7.670356750488281, -6.133169174194336, -2.0333590507507324, -3.386852979660034, 3.3604841232299805, -7.539638042449951, -10.89961051940918], [4.8182783126831055, 0.9408177733421326, -2.499885082244873, 0.6286714673042297, -5.1889142990112305, -6.073808670043945, -5.194996356964111, -2.5632944107055664, -0.4054209887981415, -1.1346238851547241, 1.4077357053756714, -6.765918731689453, -8.130134582519531], [5.0605926513671875, 1.7105975151062012, -2.545772075653076, -0.19065535068511963, -6.204461097717285, -4.7498250007629395, -6.9427809715271, -5.031976699829102, -0.8629445433616638, -3.066195011138916, 2.6052799224853516, -8.37049388885498, -9.853900909423828], [5.067873001098633, 0.7397691607475281, -2.113431453704834, 0.3001210689544678, -5.802933216094971, -6.112080097198486, -6.0234832763671875, -2.6615447998046875, 1.7692760229110718, -1.593351125717163, 2.497230052947998, -7.160524845123291, -8.47284984588623], [5.240508556365967, 1.7996110916137695, -3.6399013996124268, 0.010259747505187988, -7.215916156768799, -4.258821487426758, -8.50467300415039, -5.610922336578369, -1.0603803396224976, -2.7211954593658447, 4.959209442138672, -7.722932815551758, -10.638461112976074], [4.000757217407227, 0.14464209973812103, -2.968862295150757, 1.8362500667572021, -3.3254566192626953, -4.253620147705078, -4.454251766204834, -1.0919806957244873, 1.1562044620513916, -0.32041221857070923, 2.324066400527954, -6.458559989929199, -6.2769694328308105], [-0.9699282646179199, 0.7905277013778687, -6.947463035583496, 5.523897647857666, -0.31739866733551025, -3.6209826469421387, -3.4769577980041504, 3.9692084789276123, -2.266401529312134, 3.3354361057281494, -2.268925189971924, -7.761691093444824, -0.8981051445007324], [-0.700045108795166, 5.789036750793457, -7.512968063354492, -4.418625831604004, -2.5482213497161865, -2.1574208736419678, -7.176020622253418, -4.8466386795043945, -5.479231834411621, -1.7288556098937988, -0.002440929412841797, -7.46073579788208, -10.949522018432617]], "mask": [1, 1, 1, 1, 1, 1, 1, 1, 1, 1, 1, 1, 1, 1, 1, 1, 1, 1, 1, 1, 1, 1, 1, 1, 1, 1, 1, 1, 1, 1, 1, 1, 1, 1, 1, 1, 1, 1], "tags": ["U-SUBJECT", "B-CONTRAST", "I-CONTRAST", "I-CONTRAST", "I-CONTRAST", "I-CONTRAST", "I-CONTRAST", "I-CONTRAST", "I-CONTRAST", "I-CONTRAST", "I-CONTRAST", "I-CONTRAST", "I-CONTRAST", "I-CONTRAST", "L-CONTRAST", "O", "B-CONTRAST", "I-CONTRAST", "I-CONTRAST", "I-CONTRAST", "I-CONTRAST", "I-CONTRAST", "I-CONTRAST", "I-CONTRAST", "I-CONTRAST", "I-CONTRAST", "I-CONTRAST", "I-CONTRAST", "I-CONTRAST", "I-CONTRAST", "I-CONTRAST", "I-CONTRAST", "I-CONTRAST", "I-CONTRAST", "I-CONTRAST", "I-CONTRAST", "L-CONTRAST", "O"], "words": ["Oxidation", "refers", "to", "oxidizing", "of", "a", "compound", "in", "the", "presence", "of", "enzymes", "and", "molecular", "oxygen", "while", "fermentation", "refers", "to", "the", "transformation", "of", "sugars", "to", "acids", "and", "alcohols", "in", "the", "presence", "of", "enzymes", "and", "absence", "of", "molecular", "oxygen", "."]}

[antonym_pos] finished in 15 ms
[inverting] finished in 0 ms
[put token part 1] finished in 0 ms
[put token part 2] finished in 0 ms
[compute embeddings for all samples...] finished in 15 ms
[antonym_pos] finished in 46 ms
[inverting] finished in 0 ms
[put token part 1] finished in 0 ms
[put token part 2] finished in 0 ms
[compute embeddings for all samples...] finished in 46 ms
input 1:  {"sentence": "Oxidases catalyze oxidation reactions while lactic acid dehydrogenase, acetaldehyde decarboxylase and ethanol dehydrogenase catalyze fermentation."}
prediction:  {"logits": [[-3.2090511322021484, 1.6607327461242676, -2.6436195373535156, -3.4021105766296387, 7.016763687133789, 2.862377643585205, 0.4033365249633789, -3.160344123840332, -2.757591724395752, -2.267503499984741, -4.33829402923584, -2.8687970638275146, -4.42286491394043], [-2.4777796268463135, 0.6467542052268982, 4.053647994995117, -4.03891134262085, -0.6953758001327515, -3.4119338989257812, 2.476655960083008, 1.6869326829910278, 1.9545838832855225, -3.9782705307006836, -4.458235740661621, 1.254321813583374, 2.281588315963745], [2.3554086685180664, -0.7721036076545715, 0.4852869212627411, 1.8643147945404053, -2.1897072792053223, -3.9818716049194336, -1.0709240436553955, 0.8364773988723755, 1.604392647743225, 0.5165656805038452, -0.6507591009140015, -2.794463634490967, -0.6816016435623169], [1.1473841667175293, -0.11967719346284866, -2.684191942214966, 2.0735325813293457, -1.5360679626464844, -4.543636322021484, -0.6382286548614502, 3.324824571609497, -0.10664629936218262, 2.8198776245117188, -1.3726935386657715, -4.535182952880859, -1.2575467824935913], [3.417210102081299, 4.059441566467285, -1.8764466047286987, -5.963745594024658, -4.6954426765441895, -4.933330535888672, -6.581699371337891, -5.871345043182373, -2.684837818145752, -2.2530627250671387, 0.6155892014503479, -7.298105239868164, -12.045198440551758], [2.5650954246520996, 0.7128190994262695, 3.0868496894836426, -4.31494140625, -3.614898443222046, -4.837179183959961, -2.55294132232666, -1.30660080909729, -0.2057720422744751, -1.78965163230896, -2.074145793914795, -3.4491665363311768, -4.5456976890563965], [5.062899589538574, 0.8078444600105286, -0.1377345323562622, -2.4405176639556885, -4.564268112182617, -6.045329570770264, -3.1436898708343506, -3.614609718322754, -1.6970847845077515, -0.42359936237335205, 0.2677057981491089, -5.575919151306152, -8.191936492919922], [5.849993705749512, 1.2012096643447876, -0.8591365814208984, -2.0713796615600586, -6.64118766784668, -7.896956443786621, -5.3170366287231445, -3.0633373260498047, -1.1408079862594604, -0.16455262899398804, 1.2884652614593506, -6.943703651428223, -8.310799598693848], [5.638614654541016, 1.1648224592208862, -2.645622968673706, 0.36157870292663574, -4.9659953117370605, -5.004513740539551, -5.101317405700684, -3.9121737480163574, -2.1699090003967285, -1.347222089767456, 0.7303599119186401, -8.138471603393555, -8.801301002502441], [4.827330589294434, 0.6242241263389587, -1.311177134513855, -0.9354475736618042, -4.055476665496826, -5.5946269035339355, -4.748770713806152, -0.7568311095237732, 0.4929021894931793, -0.8974834680557251, -0.19607394933700562, -7.041283130645752, -8.094646453857422], [6.091811180114746, 0.7667186856269836, -1.7545764446258545, -0.7990493774414062, -5.608527660369873, -7.499855041503906, -5.5038886070251465, -1.4087951183319092, 0.6901677846908569, 0.0657549500465393, 1.158993124961853, -8.840797424316406, -9.269912719726562], [6.215361595153809, 2.06154203414917, -2.690899133682251, -1.7973343133926392, -8.094404220581055, -5.747376441955566, -7.623426914215088, -4.960140705108643, -1.7241523265838623, -1.7806153297424316, 3.2559690475463867, -8.106422424316406, -11.750905990600586], [4.933371067047119, 1.0509169101715088, -2.860055923461914, 0.9963423609733582, -6.114968776702881, -5.891892433166504, -6.05422306060791, -2.401355266571045, -0.3469477593898773, -0.20371335744857788, 1.782417893409729, -6.765102386474609, -8.400157928466797], [3.849949836730957, 0.18762928247451782, -2.75839900970459, 3.213606834411621, -4.600190162658691, -4.404219627380371, -5.868651390075684, -0.16541868448257446, 1.0270497798919678, 0.2667475938796997, 1.2891838550567627, -7.101086616516113, -5.48677396774292], [3.159529447555542, -0.25698766112327576, -2.476787805557251, 2.3254480361938477, -2.462919235229492, -3.08308744430542, -4.973353385925293, 1.2997430562973022, 2.6986327171325684, 0.4787309467792511, 1.1025065183639526, -7.254057884216309, -4.871270179748535], [-0.9252591133117676, 0.9881443977355957, -6.730721473693848, 4.469718933105469, -1.2206547260284424, -4.0477447509765625, -2.43768310546875, 4.763479232788086, -1.8127655982971191, 4.542703151702881, -2.207594156265259, -7.150749206542969, -1.0583953857421875], [-1.0208613872528076, 6.254014492034912, -6.779261589050293, -5.359930038452148, -4.3309783935546875, -2.6263370513916016, -7.125279426574707, -5.133911609649658, -5.306812763214111, -1.5427790880203247, -0.12913918495178223, -6.885138988494873, -10.510507583618164]], "mask": [1, 1, 1, 1, 1, 1, 1, 1, 1, 1, 1, 1, 1, 1, 1, 1, 1], "tags": ["U-SUBJECT", "B-CONTRAST", "L-CONTRAST", "U-ASPECT", "O", "B-CONTRAST", "I-CONTRAST", "I-CONTRAST", "I-CONTRAST", "I-CONTRAST", "I-CONTRAST", "I-CONTRAST", "I-CONTRAST", "L-CONTRAST", "B-ASPECT", "L-ASPECT", "O"], "words": ["Oxidases", "catalyze", "oxidation", "reactions", "while", "lactic", "acid", "dehydrogenase", ",", "acetaldehyde", "decarboxylase", "and", "ethanol", "dehydrogenase", "catalyze", "fermentation", "."]}

[antonym_pos] finished in 51 ms
[inverting] finished in 0 ms
[put token part 1] finished in 0 ms
[put token part 2] finished in 0 ms
[compute embeddings for all samples...] finished in 52 ms
[antonym_pos] finished in 170 ms
[inverting] finished in 0 ms
[put token part 1] finished in 0 ms
[put token part 2] finished in 0 ms
[compute embeddings for all samples...] finished in 171 ms
input 2:  {"sentence": "Oxidation is important in the tea industry for the production of polyphenols; in aerobic organisms, it is necessary for the production of energy. On the other hand, fermentation is important in many industrial processes such as dairy industry, bakery industry and alcohol industry, to generate energy in the exercising muscles, etc."}
prediction:  {"logits": [[-2.831322431564331, 3.352560043334961, -2.8928568363189697, -6.080380439758301, 7.030633926391602, 1.4121559858322144, -0.023890018463134766, -4.757368564605713, -4.337879657745361, -3.5636579990386963, -4.399092674255371, -4.467231273651123, -6.730964660644531], [-0.6125361919403076, 3.88360595703125, 5.683274269104004, -11.210579872131348, -4.3473286628723145, -4.3928327560424805, -1.0603439807891846, -3.3537158966064453, -0.8532520532608032, -7.896883487701416, -2.8662660121917725, 0.696733832359314, -4.476655960083008], [3.5154175758361816, 1.3331853151321411, 0.6258482933044434, -3.0753936767578125, -4.161340236663818, -5.471218109130859, -2.709496259689331, -1.248045802116394, -0.3446950316429138, -1.3443881273269653, -1.0923980474472046, -3.041494846343994, -5.637621879577637], [5.692136287689209, 2.52203106880188, 1.0188724994659424, -4.892178535461426, -7.425864219665527, -5.308689117431641, -6.484121322631836, -5.364471435546875, -2.0637264251708984, -3.298741579055786, 1.2860618829727173, -5.145327568054199, -8.563573837280273], [5.4237213134765625, 2.109116315841675, 0.11922836303710938, -4.222452163696289, -6.870230674743652, -4.201111316680908, -6.0693488121032715, -5.189294338226318, -2.3850722312927246, -2.9974677562713623, 0.9693540930747986, -3.710106372833252, -8.861130714416504], [4.297012805938721, 1.130935549736023, -0.6530857086181641, -1.6181851625442505, -4.499800682067871, -4.648719787597656, -3.996955633163452, -2.8402185440063477, -1.232851266860962, -1.6185176372528076, -0.8681639432907104, -3.4489166736602783, -7.121345043182373], [4.287502288818359, 1.2142984867095947, -0.6349913477897644, -1.697086215019226, -4.124483585357666, -6.846630573272705, -4.14592170715332, -1.2324243783950806, 0.0004342794418334961, -0.8965917825698853, -1.0070700645446777, -5.125077247619629, -6.932318687438965], [5.983135223388672, 2.06070613861084, -0.2923842668533325, -3.237712860107422, -7.484648704528809, -7.430975437164307, -6.122096061706543, -4.8144707679748535, -1.5725477933883667, -1.7258365154266357, 2.037771701812744, -7.11357307434082, -9.287408828735352], [6.151944160461426, 2.3614001274108887, -0.9276746511459351, -3.1682376861572266, -7.7142438888549805, -6.178657531738281, -6.414499282836914, -6.027444839477539, -2.6151416301727295, -2.699911117553711, 2.0408825874328613, -5.99761962890625, -10.121763229370117], [5.062558174133301, 1.5226900577545166, -1.3204989433288574, -0.8374789953231812, -5.814911842346191, -7.604225158691406, -5.308414459228516, -2.1821606159210205, -0.80057692527771, -1.2153382301330566, 0.16829723119735718, -6.2655229568481445, -7.351302623748779], [6.299221515655518, 2.606203079223633, -1.6745322942733765, -2.3892197608947754, -8.147123336791992, -7.09149694442749, -7.177774906158447, -6.611952781677246, -2.8854074478149414, -3.1169309616088867, 3.1440749168395996, -7.1817240715026855, -10.246240615844727], [5.1591973304748535, 1.6471446752548218, -2.191298484802246, 0.0796663761138916, -5.920156002044678, -8.04916763305664, -5.450588703155518, -2.3481087684631348, -1.617593765258789, -0.763369619846344, 0.5930877327919006, -6.818148612976074, -7.271531581878662], [5.9563798904418945, 2.7926812171936035, -2.0571978092193604, -1.3977361917495728, -7.4004034996032715, -6.914888381958008, -7.081058502197266, -6.1779632568359375, -3.1779236793518066, -3.3719420433044434, 1.5497206449508667, -7.979429721832275, -9.397721290588379], [6.168415069580078, 3.0630083084106445, -2.1326489448547363, -2.0776174068450928, -8.463504791259766, -7.224610328674316, -7.598869800567627, -7.280696392059326, -3.363363265991211, -4.27626895904541, 2.074035406112671, -6.246463775634766, -10.20706558227539], [4.675532817840576, 2.065415859222412, -2.6801469326019287, 0.7747454047203064, -6.197400093078613, -8.024602890014648, -6.45598030090332, -3.2724266052246094, -1.499307632446289, -2.26334285736084, -0.09108865261077881, -6.854739665985107, -6.8459367752075195], [4.360622406005859, 2.148144483566284, -3.190174102783203, 0.6365424394607544, -5.654076099395752, -8.488201141357422, -6.34073543548584, -1.9887892007827759, -0.22205108404159546, -1.9831783771514893, -0.026806950569152832, -7.488253593444824, -6.891863822937012], [3.3093926906585693, 2.1891331672668457, -4.804991245269775, 3.9029715061187744, -5.100123882293701, -5.114422798156738, -5.269235134124756, -3.4527275562286377, -2.3585269451141357, -1.5835920572280884, 0.15236741304397583, -8.177267074584961, -6.063397407531738], [2.4923148155212402, 2.3553667068481445, -2.87674617767334, 1.3650925159454346, -4.44271183013916, -5.963933944702148, -5.363936901092529, -1.686353325843811, -0.10253024101257324, -2.2169268131256104, -0.8692716956138611, -7.294928550720215, -6.6105828285217285], [3.8309245109558105, 4.085037708282471, -2.652663469314575, -3.0161027908325195, -7.700864791870117, -6.766353607177734, -7.375032424926758, -5.878438949584961, -2.1524229049682617, -4.1190996170043945, 1.388847827911377, -6.992055892944336, -10.479280471801758], [2.8048720359802246, 2.7947640419006348, -2.7092785835266113, 0.062427788972854614, -6.20953369140625, -7.408116817474365, -6.466396331787109, -2.395564556121826, -0.6569408178329468, -1.7586170434951782, 0.4181707501411438, -7.243271350860596, -6.943662643432617], [3.9676530361175537, 3.4699721336364746, -3.2315540313720703, -1.0213550329208374, -8.162467956542969, -7.292819023132324, -7.282787799835205, -4.88456916809082, -1.5752559900283813, -2.481990337371826, 2.058140516281128, -8.207694053649902, -8.977113723754883], [4.018856048583984, 3.490544319152832, -3.201380968093872, -1.803516149520874, -8.140256881713867, -6.22528600692749, -7.738633155822754, -5.899077415466309, -1.88932204246521, -3.4425196647644043, 2.616858959197998, -7.109427452087402, -9.455041885375977], [2.864293098449707, 2.0792856216430664, -3.2207298278808594, 0.36930543184280396, -5.998000144958496, -6.427072525024414, -6.618929386138916, -1.1330342292785645, 1.3082432746887207, -1.1490569114685059, 1.6630897521972656, -6.478704452514648, -6.035205841064453], [3.4456639289855957, 3.1182398796081543, -4.213493347167969, -0.7607718706130981, -7.441078186035156, -5.216163635253906, -8.235538482666016, -5.398715496063232, -2.277308464050293, -2.623706817626953, 3.4417076110839844, -6.773835182189941, -8.706050872802734], [-0.3879051208496094, 1.874799370765686, -5.8078155517578125, 2.9055213928222656, -3.148419141769409, -4.8821635246276855, -3.747987747192383, 2.0094351768493652, -2.9667534828186035, 1.8778361082077026, -1.4369791746139526, -5.436701774597168, -2.1964173316955566], [-1.1614627838134766, 5.374152183532715, -7.3998847007751465, -2.210598945617676, -2.800067901611328, -2.167614698410034, -5.553008079528809, -5.9254961013793945, -8.85318374633789, -1.9101946353912354, -2.3197410106658936, -5.340003490447998, -8.618070602416992], [-1.763556718826294, 5.540950775146484, -2.8966445922851562, -9.002738952636719, 1.1277222633361816, -2.105630397796631, -2.6257920265197754, -6.9544501304626465, -5.661713123321533, -5.382326602935791, -3.4458250999450684, -5.090975284576416, -10.059500694274902], [-0.04916691780090332, 4.030486583709717, 4.056880474090576, -11.426141738891602, -4.813480377197266, -4.895179748535156, -3.428697347640991, -3.6618781089782715, -0.8379466533660889, -6.386599540710449, -2.180856466293335, -2.094473361968994, -7.804878234863281], [2.1601219177246094, 2.831493377685547, 1.7870404720306396, -7.868050575256348, -4.3881659507751465, -5.954232215881348, -3.22593355178833, -2.570054054260254, -0.2144085168838501, -3.345210552215576, -1.219696283340454, -3.5008208751678467, -8.30595588684082], [2.538705587387085, 3.0963072776794434, 2.108720302581787, -7.831167221069336, -5.823962211608887, -5.116331100463867, -4.272353649139404, -4.018206596374512, -1.7065633535385132, -3.0682616233825684, 0.6192097067832947, -3.617129325866699, -8.13210678100586], [2.7078118324279785, 2.9186410903930664, -0.5303230285644531, -3.7857918739318848, -5.512419700622559, -4.932914733886719, -3.4244043827056885, -4.343459129333496, -2.563025712966919, -1.8819553852081299, 0.003729715943336487, -4.97074556350708, -7.4190874099731445], [2.763850688934326, 1.7468140125274658, 0.5328681468963623, -3.4546048641204834, -3.447826385498047, -5.164151191711426, -4.251944065093994, -0.6616904735565186, 0.038994502276182175, -0.2985795736312866, -0.48657089471817017, -5.064410209655762, -6.4805192947387695], [4.065291881561279, 3.47027587890625, 1.453366994857788, -6.402970790863037, -6.494995594024658, -4.598935127258301, -7.1454854011535645, -5.591705322265625, -2.5224828720092773, -2.8642187118530273, 1.387868881225586, -5.500168323516846, -10.294389724731445], [2.5950775146484375, 1.9659671783447266, 1.7080670595169067, -4.696470737457275, -4.150103569030762, -5.129786014556885, -4.161161422729492, -1.3054344654083252, -0.2220390886068344, -1.526016116142273, -1.1629244089126587, -3.3204641342163086, -6.6345415115356445], [3.755880832672119, 3.2003862857818604, 1.993119239807129, -7.029540061950684, -6.348974227905273, -3.7528200149536133, -6.676191329956055, -5.479917049407959, -2.6318042278289795, -3.151301860809326, 1.1281193494796753, -4.127508163452148, -9.578213691711426], [3.0266387462615967, 1.8576695919036865, 1.9179141521453857, -5.057895660400391, -4.818602085113525, -3.6033968925476074, -4.113040447235107, -3.0289320945739746, -1.383732795715332, -2.243213176727295, -1.0248298645019531, -2.395379066467285, -7.209962368011475], [3.3118906021118164, 1.4741833209991455, 0.5803610682487488, -3.592967987060547, -3.544074296951294, -5.00187873840332, -3.9165239334106445, -1.6986348628997803, -1.1463240385055542, -0.6678929328918457, -0.9392561912536621, -3.482898712158203, -7.129075050354004], [3.678335189819336, 1.5730329751968384, 1.0929195880889893, -3.4524261951446533, -4.048201560974121, -5.865474224090576, -4.418810844421387, -2.344233989715576, -1.4097239971160889, -0.7140405178070068, -0.7532203197479248, -4.424376010894775, -7.052035808563232], [4.810437202453613, 2.13737154006958, 1.161346197128296, -4.923831939697266, -4.664620399475098, -5.651551723480225, -5.610518455505371, -4.28438663482666, -2.0219225883483887, -1.901327133178711, 0.4118465781211853, -6.31129789352417, -8.969593048095703], [5.146207332611084, 2.5300657749176025, 1.6104568243026733, -5.313936710357666, -6.848114490509033, -4.467706680297852, -6.207940101623535, -6.2633514404296875, -3.501668930053711, -3.2610225677490234, 0.7688511610031128, -4.122725486755371, -9.379914283752441], [4.694566249847412, 1.6824792623519897, 0.4923381805419922, -3.131004571914673, -4.856484889984131, -5.61741304397583, -5.259252548217773, -3.360973834991455, -1.9560716152191162, -1.8701204061508179, -0.9060673117637634, -4.566999912261963, -7.684201717376709], [4.59592342376709, 1.5704118013381958, -0.057646989822387695, -2.573756694793701, -4.077071189880371, -5.218735218048096, -5.653349876403809, -2.698883056640625, -1.6348426342010498, -1.2586464881896973, -0.5474811792373657, -5.033705711364746, -7.418653964996338], [4.30281925201416, 1.2300760746002197, -1.2088167667388916, -0.3047206401824951, -2.727945327758789, -2.75703501701355, -4.716048240661621, -4.304646015167236, -2.7230746746063232, -2.0949509143829346, -0.45268669724464417, -6.038264274597168, -7.411328315734863], [3.422197103500366, 0.709182858467102, 0.06954020261764526, -1.4530717134475708, -0.8180866241455078, -2.5031638145446777, -4.798426628112793, -1.4706686735153198, -0.5657880306243896, -1.431056022644043, -1.4705171585083008, -5.441368103027344, -6.6394877433776855], [4.120532035827637, 1.3570592403411865, -1.0293259620666504, -2.1008541584014893, -2.8315672874450684, -4.786275863647461, -4.373807907104492, -1.8421571254730225, -1.0227789878845215, -0.5832972526550293, -0.16062885522842407, -5.776770114898682, -8.594149589538574], [5.005592346191406, 2.4435954093933105, -1.4681187868118286, -3.232618570327759, -6.143120765686035, -4.02152156829834, -6.164255619049072, -5.833575248718262, -3.375265598297119, -2.242689371109009, 2.0371639728546143, -5.786135673522949, -10.204559326171875], [4.487881660461426, 2.1675641536712646, -2.2344155311584473, -1.37290620803833, -5.5171990394592285, -6.027377128601074, -5.936413288116455, -3.490025043487549, -2.2076802253723145, -0.8385316729545593, 1.0981522798538208, -5.710971355438232, -8.79806900024414], [3.9916698932647705, 2.1839332580566406, -2.2768430709838867, -0.7358144521713257, -4.755475997924805, -5.62948751449585, -6.509771347045898, -2.878385543823242, -2.22775936126709, -0.8277025818824768, 0.8299497365951538, -5.928841590881348, -7.35071325302124], [3.3033103942871094, 1.771207332611084, -2.7313876152038574, 2.260650873184204, -2.933591365814209, -3.137633800506592, -5.835329055786133, -3.8422555923461914, -2.2921876907348633, -1.4307576417922974, 0.5677024126052856, -7.9647111892700195, -6.5009307861328125], [3.338773250579834, 3.3255152702331543, -1.2435455322265625, -3.2774879932403564, -5.167524337768555, -2.529285192489624, -7.665942192077637, -5.90386962890625, -2.546499729156494, -4.027495861053467, 1.3957175016403198, -5.749490261077881, -10.121159553527832], [1.9364296197891235, 2.310699939727783, -1.0486905574798584, -1.7089784145355225, -4.505762100219727, -4.342730522155762, -4.894783020019531, -1.823106288909912, -0.6649599671363831, -1.7636089324951172, -0.30963975191116333, -3.8686490058898926, -6.3999176025390625], [2.7495932579040527, 2.6345911026000977, -1.9428693056106567, -1.12459397315979, -5.137918472290039, -6.053142547607422, -5.562588691711426, -1.9095869064331055, -1.0048761367797852, -0.7870020270347595, 0.46936357021331787, -5.994224548339844, -7.70856237411499], [4.016135215759277, 4.3385419845581055, -1.7665258646011353, -3.8723905086517334, -7.492498397827148, -5.439355850219727, -7.901919364929199, -6.692388534545898, -3.1287965774536133, -3.8138980865478516, 2.1479268074035645, -6.841269016265869, -11.005411148071289], [3.515615940093994, 4.016843795776367, -1.3196913003921509, -4.344395637512207, -7.3657307624816895, -4.667090892791748, -6.883736610412598, -6.265599250793457, -2.6771018505096436, -4.266156196594238, 2.256648302078247, -4.961743354797363, -10.305679321289062], [2.928584098815918, 2.926229476928711, -2.132877826690674, -1.9007290601730347, -5.45698356628418, -6.445005416870117, -6.259876251220703, -2.823373317718506, -0.6399481892585754, -2.27640438079834, 0.9339742064476013, -5.763033866882324, -7.770316123962402], [3.1440906524658203, 2.9980459213256836, -2.2630701065063477, -1.7899770736694336, -5.901033878326416, -6.429009437561035, -7.258788585662842, -2.868893623352051, -0.45595306158065796, -1.847750186920166, 1.4916670322418213, -6.826515197753906, -7.809235572814941], [2.773134708404541, 2.4505343437194824, -2.8570218086242676, 0.9436084032058716, -4.681153774261475, -3.648170232772827, -6.179315090179443, -4.0509796142578125, -1.347183346748352, -1.8529096841812134, 1.5025746822357178, -7.521579742431641, -6.437859058380127], [-3.0011062622070312, 2.2330880165100098, -5.474462509155273, 3.938039779663086, 0.0862804651260376, -2.5022764205932617, -2.745388984680176, 2.7494444847106934, -2.4298722743988037, 2.0668039321899414, -3.6722798347473145, -5.852267265319824, -0.24730801582336426], [-1.7161890268325806, 6.340987205505371, -6.007558345794678, -5.39825439453125, -3.9704771041870117, -2.5922069549560547, -5.725944519042969, -4.975046634674072, -5.028909683227539, -1.967313289642334, -0.5272791981697083, -4.5913591384887695, -9.577112197875977]], "mask": [1, 1, 1, 1, 1, 1, 1, 1, 1, 1, 1, 1, 1, 1, 1, 1, 1, 1, 1, 1, 1, 1, 1, 1, 1, 1, 1, 1, 1, 1, 1, 1, 1, 1, 1, 1, 1, 1, 1, 1, 1, 1, 1, 1, 1, 1, 1, 1, 1, 1, 1, 1, 1, 1, 1, 1, 1, 1, 1], "tags": ["U-SUBJECT", "B-CONTRAST", "I-CONTRAST", "I-CONTRAST", "I-CONTRAST", "I-CONTRAST", "I-CONTRAST", "I-CONTRAST", "I-CONTRAST", "I-CONTRAST", "I-CONTRAST", "I-CONTRAST", "I-CONTRAST", "I-CONTRAST", "I-CONTRAST", "I-CONTRAST", "I-CONTRAST", "I-CONTRAST", "I-CONTRAST", "I-CONTRAST", "I-CONTRAST", "I-CONTRAST", "I-CONTRAST", "I-CONTRAST", "L-CONTRAST", "O", "O", "O", "O", "B-CONTRAST", "I-CONTRAST", "I-CONTRAST", "I-CONTRAST", "I-CONTRAST", "I-CONTRAST", "I-CONTRAST", "I-CONTRAST", "I-CONTRAST", "I-CONTRAST", "I-CONTRAST", "I-CONTRAST", "I-CONTRAST", "I-CONTRAST", "I-CONTRAST", "I-CONTRAST", "I-CONTRAST", "I-CONTRAST", "I-CONTRAST", "I-CONTRAST", "I-CONTRAST", "I-CONTRAST", "I-CONTRAST", "I-CONTRAST", "I-CONTRAST", "I-CONTRAST", "I-CONTRAST", "I-CONTRAST", "L-CONTRAST", "O"], "words": ["Oxidation", "is", "important", "in", "the", "tea", "industry", "for", "the", "production", "of", "polyphenols", ";", "in", "aerobic", "organisms", ",", "it", "is", "necessary", "for", "the", "production", "of", "energy", ".", "On", "the", "other", "hand", ",", "fermentation", "is", "important", "in", "many", "industrial", "processes", "such", "as", "dairy", "industry", ",", "bakery", "industry", "and", "alcohol", "industry", ",", "to", "generate", "energy", "in", "the", "exercising", "muscles", ",", "etc", "."]}

[antonym_pos] finished in 175 ms
[inverting] finished in 0 ms
[put token part 1] finished in 1 ms
[put token part 2] finished in 0 ms
[compute embeddings for all samples...] finished in 177 ms
[antonym_pos] finished in 544 ms
[inverting] finished in 0 ms
[put token part 1] finished in 4 ms
[put token part 2] finished in 0 ms
[compute embeddings for all samples...] finished in 549 ms
input 3:  {"sentence": "Things are said to be named 'equivocally' when, though they have a common name, the definition corresponding with the name differs for each. Thus, a real man and a figure in a picture can both lay claim to the name 'animal'; yet these are equivocally so named, for, though they have a common name, the definition corresponding with the name differs for each. For should anyone define in what sense each is an animal, his definition in the one case will be appropriate to that case only. On the other hand, things are said to be named 'univocally' which have both the name and the definition answering to the name in common. A man and an ox are both 'animal', and these are univocally so named, inasmuch as not only the name, but also the definition, is the same in both cases: for if a man should state in what sense each is an animal, the statement in the one case would be identical with that in the other."}
prediction:  {"logits": [[-2.666576862335205, 2.956146717071533, -3.5446603298187256, -7.122676849365234, 7.604037284851074, 1.651877522468567, 0.9316463470458984, -5.084808349609375, -4.119044303894043, -3.199890613555908, -3.9318552017211914, -3.0990684032440186, -7.790327072143555], [-0.4582395553588867, 3.7509429454803467, 4.143238544464111, -12.147710800170898, -3.1094436645507812, -5.405595779418945, 1.3872809410095215, -3.100670576095581, -0.9987969398498535, -7.232316017150879, -3.629102945327759, 0.2295236587524414, -6.325587749481201], [4.12042236328125, 2.2654192447662354, 1.4613234996795654, -6.292802333831787, -4.243081569671631, -7.048680305480957, -1.1312907934188843, -3.0621771812438965, -1.1265705823898315, -3.2688350677490234, -1.1052207946777344, -3.6443967819213867, -8.602326393127441], [6.1843438148498535, 2.973261594772339, 0.025612592697143555, -6.8055219650268555, -7.178164482116699, -6.710597991943359, -4.500124454498291, -6.24772310256958, -3.2429590225219727, -3.1528472900390625, 2.225050926208496, -5.8299560546875, -11.35593318939209], [5.712647438049316, 2.5258731842041016, 0.228976309299469, -6.232889175415039, -6.399561882019043, -5.111692428588867, -3.974475383758545, -5.654283046722412, -3.2947347164154053, -3.2515869140625, 1.2364602088928223, -4.234921932220459, -10.490660667419434], [4.81629753112793, 2.0290868282318115, 0.13134944438934326, -4.394372940063477, -5.467311859130859, -6.317625522613525, -3.8106720447540283, -3.3092684745788574, -2.2365777492523193, -1.8710484504699707, -0.24066172540187836, -4.191836357116699, -8.216464042663574], [4.464910507202148, 1.7304661273956299, -0.4400964379310608, -3.107693910598755, -3.7828357219696045, -4.6229143142700195, -1.9705204963684082, -4.409596920013428, -3.2565577030181885, -1.9521946907043457, -0.16614565253257751, -5.271761894226074, -7.6446428298950195], [4.752026557922363, 1.959305763244629, -1.447710394859314, -2.4360640048980713, -5.231068134307861, -7.282487869262695, -4.638843059539795, -2.6274566650390625, -1.740342378616333, -1.0549074411392212, 0.021429385989904404, -5.836105823516846, -7.489586353302002], [4.538570404052734, 1.8606656789779663, -2.3909337520599365, -0.4794926047325134, -4.033601760864258, -5.497758865356445, -3.120680332183838, -4.031808853149414, -2.7763912677764893, -1.4083027839660645, 0.20028698444366455, -7.156452178955078, -7.055678367614746], [5.7930755615234375, 3.199772834777832, -2.3971102237701416, -2.699342966079712, -7.325742721557617, -6.687601089477539, -7.260551452636719, -5.888863563537598, -2.6039795875549316, -3.272030830383301, 1.5934805870056152, -7.582956790924072, -9.99903678894043], [4.181253910064697, 2.4885878562927246, -3.6004977226257324, 1.0364649295806885, -5.764161109924316, -5.965160846710205, -4.674515724182129, -4.513778209686279, -3.148374557495117, -1.679093837738037, 0.2547341585159302, -7.750557899475098, -7.279238700866699], [4.630855560302734, 2.4321088790893555, -2.779846668243408, -1.7451729774475098, -4.071368217468262, -7.035235404968262, -5.865879535675049, -2.7466797828674316, -0.5380548238754272, -2.1920456886291504, 0.034303825348615646, -8.74101448059082, -8.185446739196777], [5.379610061645508, 3.1580090522766113, -2.19315505027771, -1.7730190753936768, -7.9124836921691895, -7.714410305023193, -7.16497802734375, -5.533634185791016, -2.162148952484131, -3.1494603157043457, 1.7811808586120605, -7.919406890869141, -9.469905853271484], [4.508610725402832, 2.6962554454803467, -3.3831214904785156, -0.13825833797454834, -6.620309829711914, -6.862799644470215, -6.013116836547852, -3.783219337463379, -1.4163570404052734, -2.142974615097046, 1.0671980381011963, -7.657416343688965, -8.3642578125], [5.408290863037109, 3.629721164703369, -3.3312718868255615, -1.8350797891616821, -8.227630615234375, -5.885062217712402, -6.831145286560059, -6.770927906036377, -3.1648495197296143, -4.1776018142700195, 2.2137351036071777, -7.566631317138672, -10.292139053344727], [4.325752258300781, 2.913562536239624, -4.215380668640137, 0.9254906177520752, -6.977497100830078, -8.479909896850586, -6.598166465759277, -2.6728203296661377, -0.9806675910949707, -2.037071943283081, 0.5008952617645264, -7.959230422973633, -8.044533729553223], [3.8124232292175293, 3.106627941131592, -4.218835830688477, 0.5416436195373535, -6.525088787078857, -8.064244270324707, -6.476604461669922, -2.3399226665496826, -0.07439112663269043, -1.8992409706115723, 0.5319697856903076, -7.993824005126953, -7.866482734680176], [1.8737776279449463, 3.1823229789733887, -6.235894680023193, 3.841493606567383, -5.712267875671387, -4.687095642089844, -5.557491302490234, -3.032588005065918, -2.7698144912719727, -1.032883882522583, -0.19613754749298096, -8.053415298461914, -6.132105827331543], [3.165801525115967, 4.721383094787598, -3.8714423179626465, -2.7284698486328125, -7.1179022789001465, -4.662965297698975, -8.303339958190918, -5.199200630187988, -1.4666041135787964, -4.801262855529785, 0.7349624633789062, -8.044330596923828, -10.858634948730469], [1.7120418548583984, 3.086003065109253, -3.480064630508423, -0.8943894505500793, -4.198703289031982, -5.9555511474609375, -5.498291969299316, -0.823413610458374, 0.5728330612182617, -2.1877572536468506, -0.41478222608566284, -7.056981086730957, -6.773292541503906], [2.073939323425293, 3.504788398742676, -4.0638427734375, -0.05446106195449829, -6.634455680847168, -8.07158374786377, -6.028159141540527, -1.0323975086212158, 0.11079049855470657, -0.7676215171813965, 0.3672887980937958, -7.649835586547852, -7.329331874847412], [3.0442864894866943, 4.328895092010498, -4.720068454742432, -1.438668966293335, -7.356329917907715, -6.519639015197754, -7.554421424865723, -3.8312935829162598, -1.1619762182235718, -1.78328537940979, 1.631347417831421, -8.978074073791504, -10.049297332763672], [3.3259193897247314, 4.477169990539551, -3.8914008140563965, -2.1711790561676025, -8.0655517578125, -5.5020246505737305, -7.867433071136475, -5.949779510498047, -2.105942964553833, -3.464202880859375, 2.1741631031036377, -7.531497001647949, -10.417919158935547], [2.0829265117645264, 3.421870708465576, -3.8330776691436768, 0.015838623046875, -6.227267742156982, -6.0049028396606445, -6.711705207824707, -2.31011962890625, -0.03864133358001709, -1.5990750789642334, 0.8613174557685852, -7.181632041931152, -7.291690826416016], [1.606760025024414, 3.3526670932769775, -4.399237632751465, -0.05963301658630371, -5.923089027404785, -6.125212669372559, -6.3589582443237305, -0.4329862594604492, 0.7124392986297607, -0.5379197597503662, 0.7189167737960815, -6.306989669799805, -6.914546489715576], [2.3716964721679688, 4.050280570983887, -4.411221504211426, -1.6850025653839111, -7.68265438079834, -4.032071113586426, -7.86569356918335, -4.493771076202393, -2.0721638202667236, -1.954345941543579, 2.5346999168395996, -6.029066562652588, -9.56462287902832], [-0.18878173828125, 2.89009428024292, -6.074204444885254, 1.1802023649215698, -4.629889488220215, -2.3733763694763184, -4.595949172973633, -0.09853196144104004, -3.37090802192688, 1.040069580078125, -0.7418696284294128, -3.2968201637268066, -5.392711639404297], [-0.18922126293182373, 6.041173934936523, -7.332967758178711, -4.6840009689331055, -4.401851177215576, 0.48606348037719727, -6.429300785064697, -7.441220283508301, -8.795144081115723, -2.824801445007324, -1.3438396453857422, -2.8362433910369873, -11.448577880859375], [-2.204824447631836, 3.54531192779541, -3.325387477874756, -8.179710388183594, 5.113070487976074, 3.25256085395813, 0.6597620844841003, -6.2943925857543945, -4.658848762512207, -4.357433795928955, -3.496046543121338, 0.4102742671966553, -8.533218383789062], [-0.660886287689209, 4.068723678588867, 1.70722234249115, -10.036168098449707, -2.696270704269409, -4.727345943450928, 2.2479422092437744, -4.57544469833374, -2.0247395038604736, -6.776823997497559, -3.393326997756958, 0.7400920391082764, -7.6779913902282715], [3.920945405960083, 3.2130799293518066, 1.608764886856079, -9.068092346191406, -5.174821853637695, -3.4627933502197266, -2.172961711883545, -5.974021911621094, -2.67793869972229, -4.838732719421387, 0.42401617765426636, -1.8587299585342407, -10.681549072265625], [3.440542697906494, 2.139359474182129, 1.0141494274139404, -6.880326271057129, -2.854309558868408, -4.454230308532715, -1.2061225175857544, -3.3240602016448975, -1.0691657066345215, -2.9435482025146484, -1.1119738817214966, -2.194550037384033, -9.426414489746094], [4.313899040222168, 2.3711485862731934, 1.1453313827514648, -6.973235130310059, -4.270498275756836, -5.585335731506348, -1.9617867469787598, -4.05911111831665, -1.613997220993042, -2.2545337677001953, 0.3646150529384613, -4.038883686065674, -10.530228614807129], [5.311440944671631, 2.5423545837402344, 1.053160309791565, -6.946269989013672, -5.741255283355713, -5.946582317352295, -3.425313711166382, -4.519125938415527, -1.9140625, -2.362133026123047, 1.2428009510040283, -5.029435157775879, -11.207443237304688], [5.706789016723633, 2.8059425354003906, 1.261470079421997, -7.667956352233887, -6.666038990020752, -4.675629138946533, -4.114909648895264, -5.930832862854004, -2.894169569015503, -3.5315351486206055, 1.634098768234253, -4.341215133666992, -11.680215835571289], [5.305944442749023, 2.216876983642578, 0.48446381092071533, -5.738661766052246, -4.781898498535156, -6.750552177429199, -4.030868053436279, -3.3426873683929443, -1.435831069946289, -2.3744990825653076, 0.06131437420845032, -5.405672550201416, -10.641609191894531], [6.461242198944092, 2.9044575691223145, 0.7381526231765747, -7.018562316894531, -6.816295623779297, -6.295342922210693, -5.289364814758301, -6.0612077713012695, -3.012054681777954, -3.675933599472046, 1.8073128461837769, -5.517926216125488, -12.200370788574219], [6.091495990753174, 2.5741937160491943, 1.3102760314941406, -7.174227237701416, -6.657244682312012, -4.294103622436523, -4.7449140548706055, -6.061684608459473, -3.1515097618103027, -4.074718475341797, 1.2718353271484375, -4.162951469421387, -11.280609130859375], [5.7812299728393555, 1.9506396055221558, 0.04041212797164917, -4.893998622894287, -5.249665260314941, -6.6869940757751465, -4.723261833190918, -3.633152723312378, -1.9763734340667725, -2.646584987640381, -0.24371333420276642, -5.189197540283203, -10.323835372924805], [6.216007232666016, 1.9579087495803833, 0.16521531343460083, -5.0175323486328125, -5.447824001312256, -6.783261299133301, -4.308340072631836, -4.523667335510254, -2.131967544555664, -2.717529535293579, 0.0858912542462349, -5.564427375793457, -10.905302047729492], [6.937950134277344, 2.339693784713745, -0.3449190855026245, -5.595414161682129, -6.22322416305542, -6.776860237121582, -5.878044605255127, -5.229596138000488, -2.694284439086914, -3.1016745567321777, 0.9815783500671387, -6.500486373901367, -11.94184398651123], [6.394345283508301, 1.6120630502700806, -0.011495471000671387, -4.2405924797058105, -5.141364097595215, -6.410665035247803, -3.867487668991089, -4.6952338218688965, -2.3874473571777344, -2.711676836013794, -0.2224591076374054, -5.47987174987793, -10.666412353515625], [6.882863998413086, 1.8191970586776733, -0.5157434940338135, -4.12951135635376, -5.332505226135254, -7.95084285736084, -5.128532409667969, -3.547348737716675, -1.326276421546936, -2.310472011566162, 0.07101349532604218, -6.911256790161133, -10.99957275390625], [8.350991249084473, 2.6846303939819336, -1.3751474618911743, -5.1289381980896, -8.149587631225586, -7.396452903747559, -6.89422082901001, -7.20316219329834, -3.644864320755005, -3.542360305786133, 2.6725234985351562, -7.612942695617676, -13.435602188110352], [7.841548442840576, 2.284334182739258, -0.978783369064331, -4.726052761077881, -7.250409126281738, -5.832818984985352, -6.353424072265625, -6.8016510009765625, -3.7202703952789307, -3.961556911468506, 1.7706787586212158, -6.170973777770996, -12.539836883544922], [7.184837341308594, 1.586763858795166, -1.2558457851409912, -3.0146560668945312, -6.223755836486816, -6.474612236022949, -5.15317440032959, -4.56475305557251, -2.815638303756714, -2.7449450492858887, 0.4823117256164551, -5.54559326171875, -10.781171798706055], [7.020174026489258, 1.0890159606933594, -2.1646175384521484, -2.0162901878356934, -4.032420635223389, -4.347968101501465, -3.5887956619262695, -5.072305679321289, -3.1426620483398438, -2.6567747592926025, 0.4325028955936432, -6.365705490112305, -10.799850463867188], [7.459495544433594, 1.4504057168960571, -2.5245254039764404, -2.2418649196624756, -5.444803237915039, -6.950732231140137, -5.181034088134766, -3.6136903762817383, -1.8520519733428955, -2.0170586109161377, 0.559548556804657, -6.795464515686035, -11.593372344970703], [7.317575454711914, 1.141618251800537, -2.8871872425079346, -1.1132653951644897, -4.3885626792907715, -5.692005157470703, -4.024808883666992, -4.647645473480225, -2.5080459117889404, -2.0211782455444336, 0.8762578368186951, -7.851753234863281, -11.065502166748047], [8.27524185180664, 2.0581626892089844, -2.4645352363586426, -2.9818782806396484, -6.8646440505981445, -6.188763618469238, -6.068831920623779, -6.07659912109375, -3.0833654403686523, -3.3827686309814453, 2.374783515930176, -8.236062049865723, -12.700620651245117], [7.527605056762695, 1.56760573387146, -2.863251209259033, -1.1365535259246826, -5.833793640136719, -7.635712623596191, -4.976262092590332, -4.3436431884765625, -2.1779744625091553, -2.135826587677002, 1.2951980829238892, -7.566926002502441, -11.894771575927734], [7.258727073669434, 1.7885138988494873, -2.7172529697418213, -1.9364891052246094, -5.6604461669921875, -7.850262641906738, -5.364528656005859, -3.6031906604766846, -1.1949872970581055, -2.2827162742614746, 1.2729980945587158, -7.894622802734375, -11.722444534301758], [7.632295608520508, 2.1539883613586426, -2.809617519378662, -3.01320743560791, -6.253303527832031, -6.554086208343506, -5.381397724151611, -5.644697666168213, -2.5186350345611572, -3.2513699531555176, 2.4440059661865234, -7.614252090454102, -12.771379470825195], [7.429772853851318, 1.8683212995529175, -3.329817771911621, -1.3788979053497314, -6.496727466583252, -8.245530128479004, -6.195307731628418, -3.5622611045837402, -1.7180591821670532, -1.8008462190628052, 1.883554220199585, -7.811358451843262, -11.467412948608398], [7.971216201782227, 2.4017810821533203, -2.9815118312835693, -2.417729616165161, -7.3141374588012695, -6.116865158081055, -6.796418190002441, -6.546501159667969, -3.5426957607269287, -3.2583467960357666, 3.4806292057037354, -8.468803405761719, -12.5313081741333], [7.441402435302734, 1.992297649383545, -3.7756831645965576, -0.28014564514160156, -6.851448059082031, -7.879108428955078, -6.3537774085998535, -4.238954544067383, -2.7060534954071045, -1.7128267288208008, 2.2579996585845947, -7.904931545257568, -10.845922470092773], [5.81688928604126, 1.4982504844665527, -4.122287750244141, 2.1088852882385254, -4.588468074798584, -5.271239280700684, -4.613965034484863, -3.772294282913208, -2.701176404953003, -1.5792078971862793, 1.2003214359283447, -7.681185722351074, -8.884584426879883], [6.235729694366455, 2.6299355030059814, -3.1935904026031494, -1.737687110900879, -5.94121789932251, -4.934248447418213, -6.91202449798584, -4.775725364685059, -2.393080234527588, -3.6964337825775146, 1.9249913692474365, -7.895160675048828, -11.233316421508789], [5.380194664001465, 2.137214183807373, -4.829890251159668, 1.678154706954956, -5.418477535247803, -5.630734443664551, -4.5856804847717285, -4.127294540405273, -3.334278106689453, -1.6539666652679443, 1.3796404600143433, -8.035470962524414, -9.648101806640625], [5.686554908752441, 2.4452450275421143, -3.9266600608825684, -1.392594814300537, -3.898448944091797, -6.665087699890137, -6.077588081359863, -2.756516695022583, -1.0345419645309448, -2.4140162467956543, 0.9719278812408447, -9.603193283081055, -10.444640159606934], [6.28101921081543, 3.1216559410095215, -3.302076578140259, -1.2732036113739014, -7.703397750854492, -7.64693021774292, -7.271667957305908, -5.576045036315918, -2.7735095024108887, -3.324923515319824, 2.326972007751465, -8.414653778076172, -11.514841079711914], [5.19805908203125, 2.5545334815979004, -3.8568532466888428, 0.18682682514190674, -6.038137912750244, -6.396185398101807, -6.003369331359863, -3.96431827545166, -2.103452682495117, -2.4876880645751953, 1.4310061931610107, -7.740931510925293, -9.742199897766113], [5.876435279846191, 3.493218183517456, -3.7109267711639404, -1.5194631814956665, -7.656369209289551, -5.407090187072754, -7.017838001251221, -6.692294120788574, -3.7000913619995117, -4.35870885848999, 2.4111392498016357, -7.74736213684082, -11.459476470947266], [4.867069244384766, 2.885579824447632, -4.557419776916504, 0.9434236288070679, -6.527414321899414, -7.924259185791016, -6.788115501403809, -2.8585145473480225, -1.4281129837036133, -2.2724339962005615, 0.8574661016464233, -7.993081569671631, -9.386082649230957], [4.461082458496094, 3.076632022857666, -4.814754962921143, 0.9385585784912109, -6.062598705291748, -7.117419242858887, -6.863646984100342, -2.711987018585205, -0.7731737494468689, -2.1066901683807373, 0.9253745079040527, -8.33446979522705, -9.433914184570312], [2.363081455230713, 2.9091687202453613, -6.430420398712158, 4.423046112060547, -4.918813705444336, -4.173734188079834, -5.64417028427124, -2.9689693450927734, -2.937610626220703, -1.0341882705688477, 0.19699907302856445, -8.086597442626953, -6.825242042541504], [3.415494441986084, 4.398087501525879, -3.830216407775879, -2.2754974365234375, -5.786908149719238, -3.473322868347168, -7.6844801902771, -5.111387252807617, -1.878090739250183, -5.04673433303833, 0.9014409184455872, -7.957635402679443, -11.219266891479492], [2.135190486907959, 3.1665525436401367, -4.124602317810059, -0.3597187399864197, -3.8125996589660645, -5.352346897125244, -5.428911209106445, -1.2883321046829224, 0.2239205539226532, -2.583162307739258, 0.13039952516555786, -6.858497619628906, -8.034684181213379], [2.4567527770996094, 3.537513256072998, -4.61325740814209, 0.4488915801048279, -6.090997219085693, -7.19925594329834, -6.599571228027344, -1.565043330192566, -0.1344878077507019, -1.2629648447036743, 0.8713064193725586, -8.048824310302734, -8.524699211120605], [3.1142523288726807, 4.277594089508057, -4.813055038452148, -1.036080241203308, -6.869261741638184, -6.007126808166504, -7.718228340148926, -4.042388916015625, -1.024469017982483, -2.226456642150879, 2.010843276977539, -9.132266998291016, -10.759986877441406], [3.425184726715088, 4.59490966796875, -4.107637882232666, -1.8795804977416992, -8.01417350769043, -5.478269100189209, -8.099542617797852, -6.026697158813477, -2.0017974376678467, -3.79487943649292, 2.5678272247314453, -7.9483513832092285, -11.376913070678711], [2.0512914657592773, 3.534604549407959, -4.593128204345703, 0.8453079462051392, -6.197357654571533, -5.7304558753967285, -7.192215442657471, -2.512686252593994, 0.16175967454910278, -1.6752283573150635, 1.3727328777313232, -7.666018486022949, -8.299335479736328], [1.7032051086425781, 3.5786309242248535, -5.13722038269043, 0.8336519598960876, -5.842251777648926, -6.030688762664795, -7.200179576873779, -0.9706284999847412, 0.5495200157165527, -0.48473432660102844, 1.1939635276794434, -7.536530494689941, -8.001409530639648], [2.287709951400757, 4.31428337097168, -4.890412330627441, -0.6997613906860352, -6.8101806640625, -4.024136543273926, -8.522703170776367, -4.539582252502441, -2.2987477779388428, -1.9780998229980469, 2.3773250579833984, -8.144156455993652, -10.166181564331055], [0.6905968189239502, 3.486175537109375, -5.486762046813965, 0.9622345566749573, -4.780205249786377, -3.347604274749756, -5.792531967163086, -1.3964967727661133, -3.281388521194458, 0.16272467374801636, 0.15737134218215942, -5.316562175750732, -7.142790794372559], [-0.2339169979095459, 6.236711502075195, -7.490987777709961, -2.7956430912017822, -4.00701379776001, -1.137286901473999, -6.691683292388916, -7.153384685516357, -8.503440856933594, -2.6888346672058105, -0.9893779754638672, -5.034663200378418, -11.322555541992188], [-1.635864019393921, 4.691070556640625, -3.100233554840088, -8.179853439331055, 3.4835052490234375, -0.3276280164718628, -0.4471094608306885, -6.003109931945801, -4.02435827255249, -5.442391395568848, -2.6359143257141113, -3.429642677307129, -9.595778465270996], [-0.8712704181671143, 3.3055169582366943, 1.3848737478256226, -7.998324394226074, -3.0244016647338867, -4.909420967102051, -0.6240366697311401, -1.8586304187774658, 0.7018139362335205, -4.4874982833862305, -2.1317334175109863, 0.4710123538970947, -6.82919979095459], [1.9241478443145752, 1.8775051832199097, -0.5166171789169312, -4.426295280456543, -1.6570278406143188, -4.3898773193359375, 0.4696163535118103, -2.393479824066162, -0.7430320978164673, -0.606978714466095, 1.0468082427978516, -1.7757866382598877, -7.644309043884277], [2.0051193237304688, 2.269242286682129, 0.5686144232749939, -5.078174591064453, -3.1275546550750732, -5.501989841461182, -0.8164652585983276, -1.9291110038757324, -0.3160904049873352, -0.9146296977996826, 1.2375255823135376, -2.6913230419158936, -7.225218772888184], [4.021868705749512, 3.553647994995117, 0.2975751459598541, -6.20783805847168, -6.410818099975586, -5.653108596801758, -4.55896520614624, -6.3083577156066895, -2.9116172790527344, -3.0021214485168457, 3.417093276977539, -4.559990406036377, -10.382108688354492], [4.069620609283447, 3.484489917755127, -1.044847011566162, -5.178170204162598, -6.5178327560424805, -5.661704063415527, -4.732174873352051, -5.644773960113525, -2.5105338096618652, -2.8181252479553223, 3.029186248779297, -4.859806060791016, -10.88231086730957], [3.298598289489746, 3.1988725662231445, -1.6830919981002808, -3.4202511310577393, -5.891162872314453, -6.630634307861328, -4.336830139160156, -3.8337836265563965, -1.735949993133545, -1.7895617485046387, 1.916254997253418, -5.5554656982421875, -9.428634643554688], [3.2243707180023193, 3.459320068359375, -1.74444580078125, -3.108013153076172, -6.094208717346191, -6.807068824768066, -5.056458473205566, -3.5969932079315186, -1.7872066497802734, -1.8301098346710205, 1.7960376739501953, -6.392617225646973, -9.313182830810547], [3.922697067260742, 4.5214080810546875, -1.7901668548583984, -4.502554416656494, -7.990294456481934, -6.738551139831543, -7.121681213378906, -6.004037380218506, -3.376812696456909, -3.3107423782348633, 2.5040550231933594, -6.851253986358643, -11.158670425415039], [3.8212342262268066, 4.492408752441406, -1.2376985549926758, -4.768548965454102, -8.395395278930664, -6.1826019287109375, -7.518463134765625, -6.332541465759277, -3.2089695930480957, -4.25136137008667, 2.7871313095092773, -6.3978424072265625, -10.72075080871582], [2.783815622329712, 3.998173236846924, -2.5128636360168457, -2.5393171310424805, -6.913553237915039, -7.29557991027832, -6.958147048950195, -2.882927417755127, -1.310420036315918, -2.2933197021484375, 1.1028869152069092, -6.952980995178223, -8.559629440307617], [1.436513900756836, 4.375627517700195, -4.476812362670898, 0.5012822151184082, -6.653339862823486, -5.624765396118164, -5.93342399597168, -4.34000301361084, -3.915018081665039, -1.7348442077636719, -0.17526140809059143, -7.831157684326172, -6.889585494995117], [2.92706298828125, 4.859598636627197, -2.5522072315216064, -3.5760483741760254, -6.948307991027832, -5.3452959060668945, -7.886517524719238, -5.307892322540283, -2.065690755844116, -3.9707860946655273, 1.4431264400482178, -7.609888076782227, -10.338184356689453], [1.2897409200668335, 3.451544761657715, -2.564218044281006, -1.8799126148223877, -3.8201260566711426, -5.821559906005859, -5.539853572845459, -0.6542810797691345, 0.10677197575569153, -1.8394758701324463, -0.053030580282211304, -6.657692909240723, -7.044022560119629], [2.633479595184326, 5.15464973449707, -1.945682406425476, -4.569228172302246, -7.644768714904785, -5.483405113220215, -8.084207534790039, -6.160956382751465, -2.5791592597961426, -4.106184959411621, 2.480419158935547, -7.489744186401367, -10.838713645935059], [2.134610414505005, 4.459967136383057, -1.246751308441162, -4.085264205932617, -7.101785182952881, -4.397515296936035, -6.968672752380371, -5.0376787185668945, -1.675925612449646, -4.139925479888916, 2.0769381523132324, -6.027831077575684, -9.427964210510254], [1.986668586730957, 4.188942909240723, -1.6002920866012573, -3.5299072265625, -6.851984024047852, -3.977358102798462, -6.325056076049805, -4.732362270355225, -1.3933507204055786, -3.9454243183135986, 2.1388678550720215, -5.707734107971191, -8.965195655822754], [1.3961282968521118, 3.3917689323425293, -2.4208455085754395, -1.5150240659713745, -5.623205184936523, -5.192427158355713, -5.74436616897583, -2.4964752197265625, 0.13464310765266418, -2.419466257095337, 1.152308702468872, -6.099565029144287, -7.621442794799805], [1.390918254852295, 3.3140764236450195, -2.437028646469116, -1.6965272426605225, -5.161438465118408, -5.835960865020752, -6.229218482971191, -1.5678014755249023, 0.8447983860969543, -1.537792682647705, 1.0844486951828003, -6.877424240112305, -7.531830787658691], [2.639557123184204, 4.371581554412842, -2.0316996574401855, -3.817254066467285, -7.603784561157227, -5.061776161193848, -7.294846534729004, -5.622250080108643, -2.1667556762695312, -3.456113576889038, 3.1863389015197754, -7.3673996925354, -9.91236400604248], [1.8282862901687622, 3.389164447784424, -2.874455451965332, -1.7726916074752808, -5.893113136291504, -6.161697864532471, -6.726728439331055, -1.562976360321045, 0.26991724967956543, -1.2878501415252686, 1.635685920715332, -7.056812763214111, -7.93206787109375], [3.158519744873047, 4.692641258239746, -3.333740234375, -3.529390335083008, -7.790862560272217, -5.182371139526367, -8.208087921142578, -6.565508842468262, -3.0863687992095947, -3.76837158203125, 3.1876728534698486, -7.659907817840576, -11.265131950378418], [2.3388967514038086, 3.80106782913208, -2.395784378051758, -2.470653533935547, -6.520983695983887, -4.734086036682129, -7.3285980224609375, -4.5867791175842285, -1.6079075336456299, -3.2850887775421143, 2.1141409873962402, -6.114016532897949, -9.139518737792969], [1.5018922090530396, 2.845120429992676, -2.673579216003418, -1.1143004894256592, -4.452704429626465, -4.356217384338379, -5.222681522369385, -1.7028530836105347, -0.6647099256515503, -1.3359516859054565, 0.850013792514801, -5.5540771484375, -7.137960433959961], [1.3537509441375732, 2.961580514907837, -3.304906129837036, -0.404177725315094, -4.626379013061523, -4.196782112121582, -4.761776924133301, -1.5720293521881104, -2.8126349449157715, -0.4583067297935486, -0.07415947318077087, -5.201932907104492, -6.192297458648682], [1.6407746076583862, 5.488308906555176, -5.433449745178223, -3.7921149730682373, -3.352813243865967, -3.343862295150757, -5.286534786224365, -6.645249366760254, -7.501473426818848, -2.710115909576416, -0.5296022891998291, -5.900043964385986, -11.351351737976074], [1.0931895971298218, 5.633177757263184, -2.159667491912842, -9.625499725341797, -0.6990434527397156, -3.8611936569213867, -3.1390063762664795, -7.55279541015625, -4.509204864501953, -6.244697570800781, -1.0682649612426758, -5.630487442016602, -12.42049503326416], [1.070570707321167, 4.347395420074463, 2.3880739212036133, -10.416604995727539, -5.059155464172363, -5.19034481048584, -3.5976994037628174, -4.963552474975586, -1.2994576692581177, -6.705086708068848, -0.33734261989593506, -2.6499948501586914, -9.277297973632812], [2.7706809043884277, 2.839721202850342, 1.4228668212890625, -7.6669087409973145, -3.9819653034210205, -5.517038345336914, -2.816713333129883, -3.831594944000244, -0.9245446920394897, -3.5779542922973633, 0.7887165546417236, -3.844102621078491, -8.805388450622559], [3.9114580154418945, 3.2395565509796143, 0.008620500564575195, -6.051809310913086, -6.160836219787598, -5.485091209411621, -4.543833255767822, -4.815868377685547, -2.144188642501831, -3.221284866333008, 2.0744597911834717, -3.8450355529785156, -10.207569122314453], [3.580519676208496, 3.257056713104248, -2.0272953510284424, -3.1879920959472656, -5.68308162689209, -5.727838039398193, -3.483962059020996, -5.001533508300781, -3.39176607131958, -2.480585813522339, 0.7069463133811951, -5.055830001831055, -9.295469284057617], [4.098663806915283, 2.963351249694824, -1.0749751329421997, -3.9408981800079346, -5.4150567054748535, -7.07674503326416, -5.612694263458252, -2.880298376083374, -1.031050205230713, -2.301792860031128, 0.7435392141342163, -6.1085662841796875, -9.833049774169922], [4.44288444519043, 3.639030933380127, -1.0707107782363892, -5.196057319641113, -6.865992546081543, -6.3974528312683105, -5.910143852233887, -5.373215675354004, -2.704622268676758, -3.5395069122314453, 2.1392531394958496, -5.924924850463867, -11.175196647644043], [3.7695627212524414, 3.1072182655334473, -0.9675546884536743, -3.643982410430908, -5.876345634460449, -7.362849235534668, -5.397793292999268, -3.5113229751586914, -1.4955286979675293, -2.71596097946167, 0.7854294776916504, -6.128957748413086, -9.60959243774414], [4.593026638031006, 4.024682521820068, -1.359874963760376, -4.912143230438232, -7.739421844482422, -6.737971782684326, -6.941987037658691, -6.255129814147949, -3.4815282821655273, -3.5136659145355225, 2.548351287841797, -6.829726219177246, -11.49012279510498], [4.250978946685791, 3.866255760192871, -0.8027219176292419, -5.051401138305664, -7.423595428466797, -5.77296257019043, -6.517683982849121, -6.207273960113525, -3.2918879985809326, -4.365236282348633, 2.090484142303467, -5.859918117523193, -10.802778244018555], [3.7189366817474365, 3.3193912506103516, -1.5440716743469238, -2.9482691287994385, -6.776759624481201, -7.519686698913574, -6.577284336090088, -3.5863099098205566, -1.6341300010681152, -2.8792014122009277, 0.79923415184021, -6.4991960525512695, -8.97018814086914], [3.126354694366455, 3.0239381790161133, -2.1894371509552, -1.0439180135726929, -5.6680169105529785, -5.4499831199646, -4.96099853515625, -4.556296348571777, -2.7498245239257812, -2.5736255645751953, 0.3656703233718872, -6.481118202209473, -7.927314758300781], [3.605346441268921, 3.280062198638916, -3.0196590423583984, -1.1814000606536865, -6.599940299987793, -7.671063423156738, -7.173807621002197, -2.6864843368530273, -1.0356740951538086, -2.0685248374938965, 0.559506893157959, -7.74718713760376, -8.463568687438965], [2.8024561405181885, 3.077360153198242, -4.058669090270996, 1.1372617483139038, -5.078848361968994, -5.299983024597168, -4.990589141845703, -3.6164650917053223, -2.73209810256958, -1.5669620037078857, -0.03775954246520996, -7.606009006500244, -7.51682186126709], [4.011844635009766, 4.143868446350098, -3.543466091156006, -1.954244613647461, -6.705921173095703, -5.922875881195068, -8.044963836669922, -5.211451530456543, -2.097264289855957, -3.6995444297790527, 1.1213314533233643, -8.1558837890625, -10.786698341369629], [3.375845432281494, 3.836775302886963, -2.9409592151641846, -1.4432450532913208, -6.472947120666504, -5.734859466552734, -6.898943901062012, -5.075532913208008, -1.8642094135284424, -3.912095546722412, 0.8023598194122314, -7.293276786804199, -9.598847389221191], [3.095238208770752, 3.9306979179382324, -3.21521258354187, -1.356727123260498, -6.2799787521362305, -6.2450456619262695, -7.122960090637207, -4.100520610809326, -1.186579704284668, -3.256265878677368, 0.5178233981132507, -7.515351295471191, -9.34321403503418], [3.491687297821045, 4.450368881225586, -2.4593758583068848, -2.4576148986816406, -7.4555511474609375, -5.7410783767700195, -7.925326347351074, -6.005350112915039, -2.3608765602111816, -4.673548221588135, 1.3003839254379272, -7.155520915985107, -9.98505687713623], [2.571223258972168, 3.7559144496917725, -2.939502239227295, -0.3505271077156067, -6.395201683044434, -6.58573055267334, -7.061471939086914, -3.463702440261841, -0.969914436340332, -3.018888473510742, 0.125024676322937, -7.36362886428833, -7.988716125488281], [2.851275682449341, 3.8892464637756348, -3.2368874549865723, -0.690864086151123, -6.9193525314331055, -5.252180099487305, -6.944070816040039, -4.661815643310547, -1.5811456441879272, -3.182849407196045, 1.009329915046692, -7.183925628662109, -8.662065505981445], [3.429845094680786, 4.49129581451416, -3.380615234375, -2.1601293087005615, -7.845066070556641, -4.792604446411133, -8.126975059509277, -6.245195388793945, -2.232869863510132, -4.463857173919678, 1.9639430046081543, -7.042486190795898, -10.679688453674316], [1.8403254747390747, 2.9580464363098145, -4.169010162353516, 0.1665821671485901, -3.825544834136963, -4.9651923179626465, -6.002073287963867, -1.304244041442871, 0.9243256449699402, -2.165590763092041, 0.536281406879425, -6.812130928039551, -7.174169540405273], [1.7521131038665771, 3.111565351486206, -4.270141124725342, 0.6569614410400391, -5.273177146911621, -5.754708290100098, -6.910564422607422, -0.7856228351593018, 0.8560516834259033, -0.8193231821060181, 1.0790934562683105, -7.177029609680176, -7.112529277801514], [3.0914313793182373, 4.468959808349609, -4.980039596557617, -1.704136610031128, -7.009360313415527, -4.408961296081543, -8.404047012329102, -6.113388538360596, -2.7030439376831055, -3.1164169311523438, 3.1378631591796875, -8.022522926330566, -11.209728240966797], [2.50339412689209, 3.9692983627319336, -4.088046073913574, -1.6550276279449463, -6.128118515014648, -3.8001012802124023, -7.229240417480469, -5.474505424499512, -1.6093523502349854, -3.3220772743225098, 2.6561684608459473, -6.69179105758667, -10.01060676574707], [1.3920173645019531, 3.2676644325256348, -4.394401550292969, 0.12142306566238403, -5.403897762298584, -4.8710761070251465, -6.735095024108887, -1.3460583686828613, 0.20096689462661743, -0.9614481329917908, 1.5598278045654297, -6.507932662963867, -7.049914360046387], [1.8801109790802002, 4.624144554138184, -4.977453231811523, -1.9285167455673218, -6.237468719482422, -3.3470234870910645, -8.3687744140625, -5.135289192199707, -3.1142961978912354, -2.9117002487182617, 2.0017974376678467, -6.982465744018555, -10.272222518920898], [-0.52998948097229, 3.304549217224121, -4.918618202209473, 0.40430983901023865, -3.55928111076355, -4.214630126953125, -5.427502632141113, 1.165695071220398, -2.449680805206299, 0.42233049869537354, -1.444854497909546, -4.946314811706543, -4.997399806976318], [-0.23811471462249756, 6.314259052276611, -6.258379936218262, -4.661539554595947, -3.0782361030578613, -1.1731030941009521, -5.990981578826904, -7.195738792419434, -8.23961067199707, -2.846895933151245, -1.5195960998535156, -4.917020797729492, -11.921812057495117], [-0.9315739870071411, 5.490750312805176, -1.7021842002868652, -10.552618980407715, 1.3465421199798584, -2.0951032638549805, -1.252070426940918, -6.966574192047119, -4.720889568328857, -5.517157077789307, -2.843698263168335, -4.729055881500244, -11.593677520751953], [1.080521821975708, 3.706209897994995, 3.3185367584228516, -11.036860466003418, -4.324670791625977, -5.0525689125061035, -2.1704607009887695, -4.006747245788574, -1.0817131996154785, -6.031382083892822, -2.1960437297821045, -1.9904038906097412, -8.909444808959961], [3.7215418815612793, 3.355088949203491, 1.3335095643997192, -9.208240509033203, -5.546104431152344, -5.324873924255371, -3.1598165035247803, -5.093096733093262, -2.039983034133911, -3.9262311458587646, 0.9566339254379272, -3.624330520629883, -11.178254127502441], [4.377813339233398, 3.5732617378234863, 0.9028735160827637, -9.098495483398438, -6.731629371643066, -4.807948589324951, -4.531769752502441, -6.031194686889648, -3.026524543762207, -3.9380602836608887, 1.8065248727798462, -3.616036891937256, -12.215017318725586], [4.343611240386963, 2.8253674507141113, 0.8290675282478333, -7.253939628601074, -5.586036682128906, -5.384810447692871, -3.0525050163269043, -4.8199462890625, -2.677306890487671, -2.8622403144836426, 0.5297343730926514, -4.082092761993408, -11.064048767089844], [5.132895469665527, 3.3505187034606934, 0.5474938154220581, -8.007301330566406, -6.773057460784912, -5.398160457611084, -4.734137535095215, -5.672234535217285, -2.981241226196289, -3.536860466003418, 1.4320037364959717, -4.865503311157227, -12.365972518920898], [4.500275611877441, 3.038179397583008, 0.7567752599716187, -7.823548316955566, -5.766287326812744, -5.185967922210693, -4.627804756164551, -4.443188190460205, -2.4229063987731934, -3.0521397590637207, 0.7507621049880981, -4.550178527832031, -11.134622573852539], [4.4027204513549805, 2.4125924110412598, 1.1251790523529053, -6.549999237060547, -5.084213733673096, -4.74063777923584, -2.497978448867798, -5.1329545974731445, -3.214289665222168, -2.696107864379883, 0.05725011229515076, -3.6387434005737305, -9.946348190307617], [5.009361743927002, 2.2757351398468018, 0.6063023209571838, -5.696946144104004, -5.298791885375977, -6.16335391998291, -4.5621442794799805, -3.294260025024414, -2.106106996536255, -1.716678500175476, 0.21885620057582855, -4.7449517250061035, -10.188551902770996], [5.055471420288086, 2.081439971923828, 0.9416026473045349, -5.281885147094727, -5.463928699493408, -4.516941070556641, -3.8010003566741943, -5.072846412658691, -3.250706195831299, -2.448702812194824, 0.6482217907905579, -4.374926567077637, -9.297953605651855], [5.308501243591309, 2.3257858753204346, -0.28056520223617554, -4.057547569274902, -5.236055374145508, -5.4341301918029785, -4.321316719055176, -5.1931962966918945, -3.3788795471191406, -2.205183506011963, 0.3457016944885254, -6.35832405090332, -10.052913665771484], [5.887014389038086, 2.6541366577148438, 0.5755484104156494, -5.974056720733643, -6.157405853271484, -5.314023017883301, -5.495263576507568, -4.970722198486328, -2.72499680519104, -2.8257555961608887, 0.7478628158569336, -6.640066146850586, -11.33204460144043], [5.850834846496582, 2.659862995147705, 0.16437005996704102, -5.325124263763428, -6.554580211639404, -7.2394609451293945, -6.019704341888428, -3.895740509033203, -1.9945478439331055, -2.2291653156280518, 0.5444725155830383, -6.723875999450684, -11.602294921875], [5.96237325668335, 2.786334276199341, 0.13947784900665283, -6.227475643157959, -6.647359371185303, -5.627099990844727, -5.357187271118164, -5.671813488006592, -3.2039694786071777, -3.2833664417266846, 1.2850921154022217, -5.888313293457031, -11.92032241821289], [5.669101715087891, 2.426805019378662, -0.17640948295593262, -4.986945152282715, -6.166733741760254, -7.16887092590332, -5.863530158996582, -3.214219331741333, -1.8926670551300049, -2.192629814147949, 0.47451841831207275, -6.295028209686279, -10.619421005249023], [6.433567523956299, 2.963468551635742, -0.20246005058288574, -6.322895050048828, -7.22600793838501, -5.347646236419678, -6.068597793579102, -6.673784255981445, -3.9866034984588623, -3.4171414375305176, 2.3201169967651367, -6.398983001708984, -12.392634391784668], [6.027822971343994, 2.3432202339172363, -0.2986795902252197, -4.430514335632324, -6.751672744750977, -6.653990745544434, -5.893730640411377, -4.018923759460449, -2.635578155517578, -2.1838345527648926, 0.8143067359924316, -6.128133773803711, -10.553915023803711], [5.749341011047363, 2.085315704345703, -1.3431167602539062, -2.692276954650879, -4.5469136238098145, -4.939155578613281, -4.238314151763916, -5.0297956466674805, -3.70247483253479, -2.2938733100891113, 0.12540942430496216, -7.041626930236816, -10.167823791503906], [5.880010604858398, 2.1978578567504883, -0.10126078128814697, -4.331377029418945, -4.295881748199463, -5.71787691116333, -5.860681056976318, -2.714871883392334, -1.4385195970535278, -2.4289333820343018, -0.28554192185401917, -7.798883438110352, -10.662857055664062], [7.039277076721191, 2.989966630935669, -0.6936897039413452, -5.546553611755371, -7.303802490234375, -5.7197651863098145, -6.5461297035217285, -6.837161064147949, -4.087446212768555, -3.5960206985473633, 1.9873948097229004, -7.25828742980957, -13.007101058959961], [6.696197986602783, 2.170799493789673, -0.508987307548523, -3.768869638442993, -6.305850028991699, -6.086945533752441, -5.398181915283203, -5.202701568603516, -3.3433613777160645, -2.6726105213165283, 0.7850104570388794, -6.691328048706055, -11.482744216918945], [6.701006889343262, 2.0319249629974365, -1.3481248617172241, -3.2180893421173096, -5.586553573608398, -6.272780895233154, -5.260924816131592, -4.505322456359863, -2.472543478012085, -2.451916456222534, 0.7883760929107666, -7.29776668548584, -11.667365074157715], [7.37123966217041, 2.8893542289733887, -1.783881425857544, -4.328236103057861, -7.2722554206848145, -5.765471935272217, -7.092118263244629, -6.800209045410156, -3.91231632232666, -3.925532102584839, 2.155506134033203, -7.605480194091797, -13.0424222946167], [6.71273136138916, 2.1022324562072754, -1.7079062461853027, -2.4680233001708984, -6.663021087646484, -6.302894592285156, -6.11184549331665, -4.5931806564331055, -3.144402503967285, -2.5006017684936523, 1.1647717952728271, -6.645331859588623, -10.685624122619629], [5.85249137878418, 1.5886380672454834, -2.4495129585266113, -0.39498937129974365, -4.245059967041016, -4.130539894104004, -4.347692489624023, -4.838137626647949, -3.476802349090576, -2.243243455886841, 0.8679410219192505, -6.835944175720215, -9.644989013671875], [5.643860816955566, 1.7555911540985107, -1.407660722732544, -2.5778324604034424, -3.741241931915283, -4.20885705947876, -5.257661819458008, -3.396409511566162, -1.6851364374160767, -2.764336585998535, 0.18329814076423645, -7.200291156768799, -10.250585556030273], [5.911417007446289, 1.983898639678955, -1.958487868309021, -2.5182137489318848, -5.06269645690918, -5.796292304992676, -5.308594703674316, -3.5039846897125244, -1.7993067502975464, -1.9011081457138062, 1.061187982559204, -7.240049839019775, -10.913049697875977], [6.525907516479492, 2.8403854370117188, -2.146028757095337, -3.5597074031829834, -7.415699481964111, -5.637877464294434, -6.598968029022217, -5.97474479675293, -3.6269750595092773, -3.048179864883423, 2.6859822273254395, -6.669192314147949, -12.147394180297852], [5.441586494445801, 1.9125256538391113, -2.41658353805542, -1.8116093873977661, -4.814578533172607, -5.804015159606934, -5.52687406539917, -2.6736886501312256, -2.237396240234375, -1.562975287437439, 1.1422828435897827, -6.204545974731445, -9.096487045288086], [5.019684791564941, 1.7631659507751465, -2.65368390083313, 0.8288953304290771, -3.8102076053619385, -4.0250935554504395, -4.218869686126709, -4.299690246582031, -3.476290464401245, -1.6621243953704834, 0.7957940697669983, -7.213436126708984, -8.602742195129395], [5.206529140472412, 3.092320203781128, -0.5147815942764282, -4.464052677154541, -4.739604473114014, -3.643303394317627, -6.633823394775391, -5.251934051513672, -2.8356988430023193, -4.2532429695129395, 0.8938584923744202, -7.066371917724609, -11.595001220703125], [4.654158592224121, 2.8587586879730225, 0.08308064937591553, -4.582557678222656, -5.754829406738281, -3.8206019401550293, -4.977647304534912, -5.173678398132324, -2.8024744987487793, -4.043061256408691, 0.9016225934028625, -4.784049987792969, -10.40254020690918], [5.334053039550781, 2.148483991622925, -0.35704171657562256, -2.4898977279663086, -5.520463943481445, -5.965242862701416, -5.108716011047363, -4.028070449829102, -2.106032609939575, -2.4460792541503906, 0.26828259229660034, -6.222763538360596, -9.466278076171875], [5.929614067077637, 3.347835063934326, -1.2538776397705078, -3.3903074264526367, -7.546854496002197, -5.4434099197387695, -6.9378533363342285, -6.208249092102051, -3.453835964202881, -3.882416009902954, 1.8776226043701172, -6.335036277770996, -11.679866790771484], [5.124213218688965, 2.6206626892089844, -1.2873694896697998, -2.552948236465454, -5.817540168762207, -5.151972770690918, -5.789454936981201, -4.512223720550537, -2.385878324508667, -3.15478515625, 1.0148773193359375, -5.705741882324219, -10.163561820983887], [4.535837173461914, 2.0799989700317383, -1.1022636890411377, -1.4380474090576172, -5.03159761428833, -5.457659721374512, -5.142348766326904, -2.8751187324523926, -1.6284576654434204, -2.041815757751465, 0.24359887838363647, -5.696352005004883, -8.756027221679688], [5.562534332275391, 3.097500801086426, -0.8580849170684814, -3.368706226348877, -6.681021690368652, -4.789409160614014, -6.154411315917969, -6.301626205444336, -3.596731185913086, -3.970947265625, 1.7322036027908325, -7.037688732147217, -10.66469669342041], [5.6505632400512695, 2.8854451179504395, -1.2361359596252441, -2.2315073013305664, -7.1561713218688965, -6.284546375274658, -6.077624797821045, -5.589993476867676, -3.075941562652588, -3.4673879146575928, 1.4132237434387207, -6.457573890686035, -10.407772064208984], [5.309538841247559, 2.471919059753418, -1.4142545461654663, -1.2451509237289429, -6.700370788574219, -5.45098876953125, -5.788534641265869, -4.8527021408081055, -2.813077449798584, -2.934748649597168, 1.1868555545806885, -5.954500198364258, -9.42219352722168], [5.447373867034912, 2.8569812774658203, -1.5645718574523926, -2.1869351863861084, -6.990414619445801, -3.5342347621917725, -6.022842884063721, -6.388822555541992, -3.7633371353149414, -3.985504150390625, 1.846653699874878, -5.499134063720703, -10.241100311279297], [4.641575813293457, 2.2027759552001953, -2.086775541305542, -0.3691818416118622, -5.918454170227051, -4.891024589538574, -5.267704010009766, -4.160043716430664, -2.1040098667144775, -2.789271354675293, 0.8852412104606628, -5.090872764587402, -8.932254791259766], [3.9816396236419678, 2.077892303466797, -2.6860547065734863, 0.22179901599884033, -5.093086242675781, -5.427430152893066, -5.700298309326172, -2.238773822784424, -1.003336787223816, -1.658485770225525, 0.5412663221359253, -5.583465576171875, -8.384264945983887], [3.6345903873443604, 2.1147634983062744, -2.53083872795105, 0.39354798197746277, -4.502228736877441, -5.677379131317139, -5.6130781173706055, -1.7196369171142578, -0.9441834092140198, -1.2372509241104126, 0.14666610956192017, -6.345446586608887, -8.077751159667969], [4.80631160736084, 3.7248592376708984, -2.1793766021728516, -2.5033185482025146, -6.896303653717041, -5.0969133377075195, -7.618167877197266, -6.3882880210876465, -3.261338233947754, -3.9987568855285645, 2.0167019367218018, -6.941802978515625, -11.157413482666016], [4.3052473068237305, 3.442678213119507, -2.1775870323181152, -1.8126857280731201, -7.075015068054199, -5.533938407897949, -6.791134834289551, -5.567447662353516, -2.8056297302246094, -3.656135320663452, 1.6618411540985107, -5.726860046386719, -10.038578987121582], [3.5750532150268555, 2.763123035430908, -2.6531481742858887, 0.0838073343038559, -6.108030796051025, -5.92111873626709, -6.148019313812256, -3.294370174407959, -1.8026597499847412, -2.1244730949401855, 0.7447980642318726, -5.828000545501709, -8.209197044372559], [3.2461652755737305, 2.7696752548217773, -2.8644728660583496, 0.4778752326965332, -5.391951084136963, -5.506819248199463, -6.114570617675781, -2.940795421600342, -1.61057710647583, -1.8215980529785156, 0.30954331159591675, -6.7025275230407715, -8.13009262084961], [3.926323413848877, 3.9732766151428223, -2.368889331817627, -1.9838006496429443, -7.058758735656738, -5.417934417724609, -7.1903395652771, -5.697246551513672, -3.215714454650879, -3.3858730792999268, 1.2551428079605103, -6.786067962646484, -10.24709701538086], [4.147868633270264, 4.075382232666016, -2.0448224544525146, -2.5706915855407715, -8.01872444152832, -5.203948020935059, -7.166563987731934, -6.586123943328857, -3.3706746101379395, -4.1731109619140625, 2.068769931793213, -5.926731109619141, -10.450358390808105], [3.423875331878662, 3.4271862506866455, -2.965707540512085, -0.693576455116272, -6.709146976470947, -6.471892356872559, -6.7923431396484375, -3.1759231090545654, -1.471479892730713, -2.1920511722564697, 0.8186380863189697, -6.3887176513671875, -8.253351211547852], [2.188260793685913, 3.169426918029785, -4.3871307373046875, 2.933166265487671, -4.813928604125977, -3.730710744857788, -5.912344932556152, -3.952455759048462, -3.235466241836548, -1.625251293182373, -0.18238115310668945, -7.921162128448486, -6.651284217834473], [2.506056785583496, 4.100117206573486, -1.5699034929275513, -2.642521858215332, -5.2196149826049805, -3.1227951049804688, -7.264578342437744, -5.455157279968262, -2.1223111152648926, -4.701115608215332, 0.4906070828437805, -6.684789657592773, -9.427043914794922], [1.470595359802246, 3.4169929027557373, -2.158888816833496, -0.6499857306480408, -5.719379901885986, -5.703858375549316, -5.830729007720947, -1.326657772064209, -0.807970404624939, -1.556384563446045, -0.5167649388313293, -5.603536605834961, -6.697227478027344], [2.683684825897217, 4.8470282554626465, -2.050163507461548, -3.308248996734619, -7.633522987365723, -4.731259346008301, -7.499999523162842, -6.199563026428223, -2.8831067085266113, -3.967519760131836, 1.4485993385314941, -5.9436492919921875, -10.501346588134766], [2.137381076812744, 4.227122783660889, -1.3205054998397827, -3.193575382232666, -7.13398551940918, -3.969330310821533, -6.414397716522217, -5.342206954956055, -2.06449818611145, -4.0028395652771, 1.387831211090088, -4.453610420227051, -9.337686538696289], [1.932888150215149, 3.8666701316833496, -1.5804133415222168, -2.7602429389953613, -6.6364336013793945, -3.5734143257141113, -5.468805313110352, -4.745081901550293, -1.6334726810455322, -3.6021814346313477, 1.536956548690796, -4.214906215667725, -8.863777160644531], [1.3837018013000488, 3.2407476902008057, -2.347795009613037, -1.0521538257598877, -5.352854251861572, -4.69917631149292, -5.226657390594482, -2.25844144821167, -0.6241288185119629, -1.9497873783111572, 0.7314073443412781, -4.847679138183594, -7.385675430297852], [1.3575776815414429, 3.334402084350586, -2.4710423946380615, -1.266845703125, -5.087109088897705, -5.089652061462402, -5.5661797523498535, -1.6988341808319092, -0.44113120436668396, -1.2832648754119873, 0.30974745750427246, -5.273383140563965, -7.39422607421875], [2.4241416454315186, 4.314065933227539, -1.672492504119873, -3.4720101356506348, -7.423683166503906, -4.093695163726807, -6.5723066329956055, -5.7575836181640625, -2.654158115386963, -3.666163682937622, 2.6160593032836914, -5.628862380981445, -9.53184986114502], [1.7465132474899292, 3.392875909805298, -2.8864245414733887, -0.9734624624252319, -5.658411502838135, -5.888392448425293, -5.650208950042725, -2.1356985569000244, -0.622681200504303, -1.6005234718322754, 1.1667616367340088, -5.842089653015137, -7.6484808921813965], [2.0825939178466797, 4.066011428833008, -3.0002429485321045, -2.2389402389526367, -6.522156238555908, -5.487627029418945, -6.8240203857421875, -4.234479904174805, -0.7481058835983276, -2.496828556060791, 2.221872568130493, -6.350191116333008, -9.406171798706055], [1.676149845123291, 3.8873229026794434, -2.7440829277038574, -1.8400514125823975, -6.820363998413086, -5.025707244873047, -6.464673042297363, -3.8830645084381104, -0.644471287727356, -2.4014933109283447, 1.9360880851745605, -5.400618553161621, -8.713913917541504], [2.1903538703918457, 4.360392093658447, -2.7811501026153564, -3.273087978363037, -7.450157165527344, -3.9593417644500732, -7.136138916015625, -5.611539363861084, -1.8242521286010742, -3.3805079460144043, 2.9472999572753906, -5.195045471191406, -10.168508529663086], [1.9865622520446777, 4.259520053863525, -2.596688747406006, -3.5386295318603516, -6.807838439941406, -4.097271919250488, -6.21674108505249, -5.227263450622559, -1.5021188259124756, -3.483527660369873, 2.8313918113708496, -4.788110733032227, -9.754070281982422], [-2.370859146118164, 3.9863386154174805, -5.425009250640869, 0.6251575946807861, -4.232720851898193, -4.1227498054504395, -3.873302698135376, 0.739177942276001, -3.5471224784851074, 0.9825786352157593, -1.9361070394515991, -4.263666152954102, -3.229447841644287], [-0.9882689714431763, 6.540564060211182, -5.667915344238281, -5.740780830383301, -4.89096736907959, -2.804558753967285, -5.749102592468262, -4.943011283874512, -5.273248672485352, -2.125729560852051, -0.27286726236343384, -4.390480995178223, -9.839438438415527]], "mask": [1, 1, 1, 1, 1, 1, 1, 1, 1, 1, 1, 1, 1, 1, 1, 1, 1, 1, 1, 1, 1, 1, 1, 1, 1, 1, 1, 1, 1, 1, 1, 1, 1, 1, 1, 1, 1, 1, 1, 1, 1, 1, 1, 1, 1, 1, 1, 1, 1, 1, 1, 1, 1, 1, 1, 1, 1, 1, 1, 1, 1, 1, 1, 1, 1, 1, 1, 1, 1, 1, 1, 1, 1, 1, 1, 1, 1, 1, 1, 1, 1, 1, 1, 1, 1, 1, 1, 1, 1, 1, 1, 1, 1, 1, 1, 1, 1, 1, 1, 1, 1, 1, 1, 1, 1, 1, 1, 1, 1, 1, 1, 1, 1, 1, 1, 1, 1, 1, 1, 1, 1, 1, 1, 1, 1, 1, 1, 1, 1, 1, 1, 1, 1, 1, 1, 1, 1, 1, 1, 1, 1, 1, 1, 1, 1, 1, 1, 1, 1, 1, 1, 1, 1, 1, 1, 1, 1, 1, 1, 1, 1, 1, 1, 1, 1, 1, 1, 1, 1, 1, 1, 1, 1, 1, 1, 1, 1, 1, 1, 1, 1, 1, 1, 1, 1, 1, 1, 1, 1, 1, 1, 1, 1, 1, 1, 1, 1], "tags": ["U-SUBJECT", "B-CONTRAST", "I-CONTRAST", "I-CONTRAST", "I-CONTRAST", "I-CONTRAST", "I-CONTRAST", "I-CONTRAST", "I-CONTRAST", "I-CONTRAST", "I-CONTRAST", "I-CONTRAST", "I-CONTRAST", "I-CONTRAST", "I-CONTRAST", "I-CONTRAST", "I-CONTRAST", "L-CONTRAST", "O", "O", "O", "O", "O", "O", "O", "O", "O", "O", "U-SUBJECT", "B-CONTRAST", "I-CONTRAST", "I-CONTRAST", "I-CONTRAST", "I-CONTRAST", "I-CONTRAST", "I-CONTRAST", "I-CONTRAST", "I-CONTRAST", "I-CONTRAST", "I-CONTRAST", "I-CONTRAST", "I-CONTRAST", "I-CONTRAST", "I-CONTRAST", "I-CONTRAST", "I-CONTRAST", "I-CONTRAST", "I-CONTRAST", "I-CONTRAST", "I-CONTRAST", "I-CONTRAST", "I-CONTRAST", "I-CONTRAST", "I-CONTRAST", "I-CONTRAST", "I-CONTRAST", "I-CONTRAST", "I-CONTRAST", "I-CONTRAST", "I-CONTRAST", "I-CONTRAST", "I-CONTRAST", "I-CONTRAST", "I-CONTRAST", "I-CONTRAST", "L-CONTRAST", "O", "O", "O", "O", "O", "O", "O", "O", "O", "O", "O", "O", "O", "O", "O", "O", "O", "O", "O", "O", "O", "O", "O", "O", "O", "O", "O", "O", "O", "O", "O", "O", "O", "O", "O", "O", "O", "O", "B-CONTRAST", "I-CONTRAST", "I-CONTRAST", "I-CONTRAST", "I-CONTRAST", "I-CONTRAST", "I-CONTRAST", "I-CONTRAST", "I-CONTRAST", "I-CONTRAST", "I-CONTRAST", "L-CONTRAST", "O", "O", "O", "O", "O", "O", "O", "O", "O", "O", "O", "O", "O", "O", "O", "O", "B-CONTRAST", "I-CONTRAST", "I-CONTRAST", "I-CONTRAST", "I-CONTRAST", "I-CONTRAST", "I-CONTRAST", "I-CONTRAST", "I-CONTRAST", "I-CONTRAST", "I-CONTRAST", "I-CONTRAST", "I-CONTRAST", "I-CONTRAST", "I-CONTRAST", "I-CONTRAST", "I-CONTRAST", "I-CONTRAST", "I-CONTRAST", "I-CONTRAST", "I-CONTRAST", "I-CONTRAST", "I-CONTRAST", "I-CONTRAST", "I-CONTRAST", "I-CONTRAST", "I-CONTRAST", "I-CONTRAST", "I-CONTRAST", "I-CONTRAST", "I-CONTRAST", "I-CONTRAST", "I-CONTRAST", "I-CONTRAST", "I-CONTRAST", "I-CONTRAST", "I-CONTRAST", "I-CONTRAST", "I-CONTRAST", "I-CONTRAST", "I-CONTRAST", "I-CONTRAST", "I-CONTRAST", "I-CONTRAST", "I-CONTRAST", "I-CONTRAST", "I-CONTRAST", "I-CONTRAST", "I-CONTRAST", "L-CONTRAST", "O", "O", "O", "O", "O", "O", "O", "O", "O", "O", "O", "O", "O", "O", "O"], "words": ["Things", "are", "said", "to", "be", "named", "'", "equivocally", "'", "when", ",", "though", "they", "have", "a", "common", "name", ",", "the", "definition", "corresponding", "with", "the", "name", "differs", "for", "each", ".", "Thus", ",", "a", "real", "man", "and", "a", "figure", "in", "a", "picture", "can", "both", "lay", "claim", "to", "the", "name", "'", "animal", "'", ";", "yet", "these", "are", "equivocally", "so", "named", ",", "for", ",", "though", "they", "have", "a", "common", "name", ",", "the", "definition", "corresponding", "with", "the", "name", "differs", "for", "each", ".", "For", "should", "anyone", "define", "in", "what", "sense", "each", "is", "an", "animal", ",", "his", "definition", "in", "the", "one", "case", "will", "be", "appropriate", "to", "that", "case", "only", ".", "On", "the", "other", "hand", ",", "things", "are", "said", "to", "be", "named", "'", "univocally", "'", "which", "have", "both", "the", "name", "and", "the", "definition", "answering", "to", "the", "name", "in", "common", ".", "A", "man", "and", "an", "ox", "are", "both", "'", "animal", "'", ",", "and", "these", "are", "univocally", "so", "named", ",", "inasmuch", "as", "not", "only", "the", "name", ",", "but", "also", "the", "definition", ",", "is", "the", "same", "in", "both", "cases", ":", "for", "if", "a", "man", "should", "state", "in", "what", "sense", "each", "is", "an", "animal", ",", "the", "statement", "in", "the", "one", "case", "would", "be", "identical", "with", "that", "in", "the", "other", "."]}

